658条
[1]
[2]
[3]
[4]
[5]
[6]
[7]
[8]
[9]
[10]
[11]
[12]
[13]
[14]
[15]
[16]
[17]
[18]
[19]
[20]
[21]
[22]
[23]
[24]
[25]
[26]
[27]
[28]
[29]
[30]
[31]
[32]
[33]
[34]
[35]
[36]
[37]
[38]
[39]
[40]
[41]
[42]
[43]
[44]
[45]
[46]
[47]
[48]
[49]
[50]
[51]
[52]
[53]
[54]
[56]
[1, 2]
[1, 3]
[2, 3]
[1, 4]
[1, 5]
[2, 4]
[3, 4]
[1, 6]
[2, 5]
[3, 5]
[2, 6]
[1, 7]
[3, 6]
[1, 8]
[2, 7]
[4, 5]
[3, 7]
[2, 8]
[1, 9]
[4, 6]
[3, 8]
[4, 7]
[2, 9]
[1, 10]
[5, 6]
[3, 9]
[1, 11]
[2, 10]
[5, 7]
[4, 8]
[3, 10]
[1, 12]
[2, 11]
[4, 9]
[6, 7]
[5, 8]
[3, 11]
[1, 13]
[4, 10]
[5, 9]
[2, 12]
[6, 8]
[3, 12]
[2, 13]
[6, 9]
[1, 14]
[5, 10]
[4, 11]
[7, 8]
[1, 15]
[2, 14]
[4, 12]
[5, 11]
[3, 13]
[6, 10]
[7, 9]
[16, 1]
[6, 11]
[3, 14]
[2, 15]
[4, 13]
[7, 10]
[8, 9]
[5, 12]
[6, 12]
[5, 13]
[4, 14]
[8, 10]
[7, 11]
[16, 2]
[1, 17]
[3, 15]
[1, 18]
[17, 2]
[16, 3]
[5, 14]
[4, 15]
[8, 11]
[7, 12]
[6, 13]
[9, 10]
[6, 14]
[17, 3]
[2, 18]
[1, 19]
[7, 13]
[16, 4]
[8, 12]
[5, 15]
[9, 11]
[2, 19]
[17, 4]
[6, 15]
[8, 13]
[10, 11]
[9, 12]
[1, 20]
[18, 3]
[16, 5]
[7, 14]
[1, 21]
[2, 20]
[19, 3]
[7, 15]
[9, 13]
[8, 14]
[10, 12]
[17, 5]
[18, 4]
[16, 6]
[3, 20]
[10, 13]
[17, 6]
[19, 4]
[2, 21]
[16, 7]
[8, 15]
[11, 12]
[18, 5]
[1, 22]
[9, 14]
[16, 8]
[11, 13]
[2, 22]
[9, 15]
[3, 21]
[10, 14]
[19, 5]
[18, 6]
[20, 4]
[1, 23]
[17, 7]
[2, 23]
[3, 22]
[19, 6]
[4, 21]
[16, 9]
[17, 8]
[12, 13]
[20, 5]
[10, 15]
[11, 14]
[18, 7]
[1, 24]
[2, 24]
[1, 25]
[18, 8]
[19, 7]
[3, 23]
[17, 9]
[21, 5]
[16, 10]
[12, 14]
[4, 22]
[20, 6]
[11, 15]
[1, 26]
[20, 7]
[17, 10]
[4, 23]
[12, 15]
[13, 14]
[19, 8]
[5, 22]
[3, 24]
[16, 11]
[2, 25]
[21, 6]
[18, 9]
[1, 27]
[5, 23]
[3, 25]
[4, 24]
[18, 10]
[16, 12]
[2, 26]
[17, 11]
[19, 9]
[22, 6]
[13, 15]
[21, 7]
[20, 8]
[1, 28]
[5, 24]
[20, 9]
[6, 23]
[4, 25]
[22, 7]
[3, 26]
[18, 11]
[2, 27]
[14, 15]
[21, 8]
[16, 13]
[19, 10]
[17, 12]
[3, 27]
[20, 10]
[16, 14]
[4, 26]
[5, 25]
[1, 29]
[6, 24]
[2, 28]
[19, 11]
[22, 8]
[17, 13]
[21, 9]
[23, 7]
[18, 12]
[3, 28]
[5, 26]
[16, 15]
[22, 9]
[19, 12]
[1, 30]
[23, 8]
[7, 24]
[20, 11]
[2, 29]
[4, 27]
[18, 13]
[6, 25]
[21, 10]
[17, 14]
[3, 29]
[20, 12]
[18, 14]
[19, 13]
[1, 31]
[7, 25]
[24, 8]
[23, 9]
[5, 27]
[6, 26]
[21, 11]
[17, 15]
[2, 30]
[22, 10]
[21, 12]
[19, 14]
[3, 30]
[22, 11]
[18, 15]
[23, 10]
[7, 26]
[20, 13]
[6, 27]
[16, 17]
[24, 9]
[2, 31]
[8, 25]
[4, 29]
[16, 18]
[21, 13]
[23, 11]
[3, 31]
[25, 9]
[8, 26]
[32, 2]
[7, 27]
[5, 29]
[22, 12]
[24, 10]
[20, 14]
[19, 15]
[21, 14]
[32, 3]
[20, 15]
[8, 27]
[17, 18]
[16, 19]
[23, 12]
[6, 29]
[24, 11]
[9, 26]
[1, 35]
[2, 34]
[33, 3]
[16, 20]
[25, 11]
[5, 31]
[17, 19]
[9, 27]
[6, 30]
[7, 29]
[16, 21]
[26, 11]
[8, 29]
[10, 27]
[17, 20]
[2, 36]
[18, 20]
[17, 21]
[2, 37]
[1, 38]
[18, 21]
[26, 13]
[8, 31]
[1, 39]
[17, 23]
[2, 40]
[2, 41]
[3, 43]
[8, 42]
[1, 2, 3]
[1, 2, 4]
[1, 3, 4]
[1, 2, 5]
[2, 3, 4]
[1, 3, 5]
[1, 2, 6]
[2, 3, 5]
[1, 3, 6]
[1, 4, 5]
[1, 2, 7]
[1, 2, 8]
[1, 3, 7]
[1, 4, 6]
[2, 3, 6]
[2, 4, 5]
[1, 3, 8]
[2, 3, 7]
[3, 4, 5]
[1, 5, 6]
[2, 4, 6]
[1, 4, 7]
[1, 2, 9]
[2, 3, 8]
[1, 3, 9]
[2, 4, 7]
[3, 4, 6]
[1, 2, 10]
[1, 5, 7]
[3, 5, 6]
[2, 4, 8]
[2, 3, 9]
[1, 5, 8]
[2, 5, 7]
[1, 3, 10]
[1, 6, 7]
[1, 4, 9]
[3, 4, 7]
[2, 5, 8]
[3, 4, 8]
[3, 5, 7]
[2, 4, 9]
[2, 3, 10]
[1, 6, 8]
[1, 2, 12]
[1, 3, 11]
[1, 4, 10]
[1, 5, 9]
[2, 4, 10]
[1, 2, 13]
[2, 5, 9]
[3, 6, 7]
[1, 3, 12]
[2, 3, 11]
[1, 7, 8]
[1, 5, 10]
[2, 6, 8]
[3, 5, 8]
[1, 6, 9]
[3, 6, 8]
[1, 6, 10]
[3, 5, 9]
[3, 4, 10]
[2, 4, 11]
[1, 7, 9]
[1, 2, 14]
[2, 7, 8]
[1, 4, 12]
[4, 5, 8]
[3, 7, 8]
[1, 6, 11]
[2, 7, 9]
[2, 3, 13]
[1, 7, 10]
[1, 5, 12]
[3, 5, 10]
[1, 3, 15]
[2, 3, 14]
[2, 8, 9]
[2, 4, 13]
[1, 6, 12]
[2, 7, 10]
[1, 7, 11]
[3, 5, 11]
[3, 6, 11]
[1, 4, 15]
[2, 3, 15]
[1, 17, 2]
[2, 5, 13]
[16, 1, 3]
[2, 8, 10]
[1, 5, 14]
[1, 7, 12]
[3, 8, 9]
[2, 4, 14]
[1, 6, 13]
[1, 5, 15]
[2, 9, 10]
[1, 2, 18]
[16, 2, 3]
[1, 6, 14]
[1, 7, 13]
[1, 9, 11]
[1, 8, 12]
[1, 2, 19]
[1, 6, 15]
[17, 2, 3]
[16, 2, 4]
[1, 7, 14]
[1, 9, 12]
[3, 8, 11]
[1, 18, 4]
[2, 18, 3]
[1, 10, 12]
[1, 9, 13]
[2, 8, 13]
[17, 2, 4]
[16, 1, 6]
[16, 2, 5]
[1, 8, 14]
[2, 3, 19]
[1, 3, 20]
[1, 18, 5]
[1, 17, 6]
[17, 2, 5]
[16, 1, 7]
[1, 9, 14]
[1, 10, 13]
[3, 10, 11]
[1, 11, 12]
[1, 11, 13]
[1, 3, 21]
[2, 19, 4]
[2, 3, 20]
[1, 18, 6]
[3, 7, 15]
[1, 10, 14]
[2, 3, 21]
[1, 3, 22]
[1, 2, 23]
[2, 19, 5]
[1, 18, 7]
[1, 10, 15]
[3, 8, 15]
[2, 3, 22]
[2, 11, 14]
[16, 1, 10]
[2, 12, 13]
[1, 2, 24]
[2, 4, 21]
[16, 3, 8]
[2, 19, 6]
[16, 2, 9]
[1, 12, 14]
[17, 3, 7]
[1, 18, 8]
[1, 11, 15]
[3, 9, 15]
[1, 4, 23]
[16, 1, 11]
[17, 3, 8]
[2, 3, 23]
[1, 21, 6]
[2, 5, 21]
[17, 2, 9]
[2, 19, 7]
[3, 20, 5]
[1, 13, 14]
[1, 12, 15]
[1, 2, 26]
[1, 3, 25]
[2, 3, 24]
[3, 4, 22]
[1, 5, 23]
[2, 18, 9]
[2, 19, 8]
[16, 1, 12]
[3, 20, 6]
[17, 2, 10]
[1, 18, 10]
[1, 13, 15]
[2, 3, 25]
[1, 14, 15]
[1, 3, 26]
[2, 4, 24]
[3, 5, 22]
[1, 6, 23]
[1, 18, 11]
[1, 21, 8]
[16, 1, 13]
[4, 20, 6]
[2, 19, 9]
[3, 20, 8]
[1, 3, 27]
[2, 20, 9]
[16, 1, 14]
[2, 4, 25]
[1, 4, 26]
[3, 6, 22]
[1, 21, 9]
[1, 18, 12]
[3, 21, 7]
[17, 3, 11]
[2, 19, 10]
[1, 3, 28]
[2, 3, 27]
[1, 5, 26]
[17, 2, 13]
[16, 1, 15]
[2, 6, 24]
[17, 3, 12]
[3, 5, 24]
[3, 22, 7]
[2, 7, 23]
[1, 22, 9]
[2, 19, 11]
[1, 19, 12]
[1, 3, 29]
[20, 6, 7]
[3, 22, 8]
[2, 23, 8]
[1, 17, 15]
[2, 3, 28]
[1, 5, 27]
[3, 20, 10]
[17, 2, 14]
[2, 18, 13]
[3, 5, 25]
[2, 6, 25]
[1, 18, 14]
[1, 6, 26]
[2, 7, 24]
[1, 3, 30]
[3, 21, 10]
[2, 19, 13]
[2, 23, 9]
[1, 18, 15]
[2, 3, 29]
[3, 4, 27]
[1, 6, 27]
[2, 22, 10]
[16, 1, 17]
[1, 8, 25]
[1, 7, 26]
[2, 8, 24]
[2, 24, 9]
[1, 3, 31]
[3, 21, 11]
[2, 19, 14]
[2, 3, 30]
[3, 7, 25]
[1, 23, 11]
[2, 23, 10]
[1, 21, 13]
[1, 19, 15]
[3, 22, 11]
[3, 21, 12]
[3, 20, 13]
[2, 3, 31]
[3, 4, 29]
[2, 24, 10]
[1, 23, 12]
[16, 2, 18]
[2, 9, 25]
[1, 17, 18]
[1, 9, 26]
[2, 8, 26]
[2, 21, 14]
[32, 2, 3]
[3, 5, 29]
[3, 7, 27]
[3, 22, 12]
[16, 2, 19]
[20, 6, 11]
[3, 6, 29]
[3, 8, 27]
[1, 26, 11]
[3, 24, 11]
[17, 2, 19]
[20, 6, 12]
[1, 18, 20]
[16, 3, 20]
[3, 5, 31]
[3, 6, 30]
[2, 8, 29]
[3, 7, 29]
[3, 9, 27]
[3, 25, 11]
[3, 10, 27]
[1, 26, 13]
[17, 3, 20]
[20, 6, 14]
[2, 18, 21]
[17, 3, 21]
[20, 6, 15]
[3, 8, 31]
[17, 2, 23]
[16, 21, 8]
