总共有数据：2000条
最小相对支持度：0.04    最小绝对支持度：80
频繁项集共有：3982 条，如下：
[1]
[2]
[3]
[4]
[5]
[6]
[7]
[8]
[9]
[10]
[11]
[12]
[13]
[14]
[15]
[16]
[17]
[18]
[19]
[20]
[21]
[22]
[23]
[24]
[25]
[26]
[27]
[28]
[29]
[30]
[31]
[32]
[33]
[34]
[35]
[36]
[37]
[38]
[39]
[40]
[41]
[42]
[43]
[44]
[45]
[46]
[47]
[48]
[49]
[50]
[51]
[52]
[53]
[54]
[55]
[56]
[57]
[58]
[59]
[1, 2]
[1, 3]
[1, 4]
[2, 3]
[1, 5]
[2, 4]
[1, 6]
[2, 5]
[3, 4]
[1, 7]
[2, 6]
[3, 5]
[1, 8]
[2, 7]
[3, 6]
[4, 5]
[1, 9]
[2, 8]
[3, 7]
[4, 6]
[2, 9]
[1, 10]
[3, 8]
[4, 7]
[5, 6]
[5, 7]
[1, 11]
[2, 10]
[3, 9]
[4, 8]
[4, 9]
[1, 12]
[2, 11]
[3, 10]
[5, 8]
[6, 7]
[1, 13]
[2, 12]
[3, 11]
[4, 10]
[5, 9]
[6, 8]
[5, 10]
[1, 14]
[2, 13]
[3, 12]
[4, 11]
[6, 9]
[7, 8]
[1, 15]
[2, 14]
[3, 13]
[4, 12]
[5, 11]
[6, 10]
[7, 9]
[3, 14]
[16, 1]
[2, 15]
[4, 13]
[5, 12]
[6, 11]
[7, 10]
[8, 9]
[4, 14]
[1, 17]
[16, 2]
[3, 15]
[5, 13]
[6, 12]
[7, 11]
[8, 10]
[6, 13]
[17, 2]
[1, 18]
[16, 3]
[9, 10]
[4, 15]
[5, 14]
[7, 12]
[8, 11]
[1, 19]
[2, 18]
[17, 3]
[16, 4]
[5, 15]
[6, 14]
[9, 11]
[7, 13]
[8, 12]
[6, 15]
[1, 20]
[9, 12]
[2, 19]
[18, 3]
[17, 4]
[16, 5]
[7, 14]
[8, 13]
[10, 11]
[1, 21]
[16, 6]
[2, 20]
[3, 19]
[8, 14]
[18, 4]
[10, 12]
[17, 5]
[9, 13]
[7, 15]
[8, 15]
[19, 4]
[1, 22]
[11, 12]
[2, 21]
[3, 20]
[18, 5]
[10, 13]
[17, 6]
[9, 14]
[16, 7]
[3, 21]
[2, 22]
[1, 23]
[4, 20]
[11, 13]
[16, 8]
[9, 15]
[19, 5]
[18, 6]
[17, 7]
[10, 14]
[2, 23]
[19, 6]
[1, 24]
[3, 22]
[16, 9]
[11, 14]
[12, 13]
[4, 21]
[17, 8]
[20, 5]
[18, 7]
[10, 15]
[1, 25]
[18, 8]
[19, 7]
[3, 23]
[16, 10]
[12, 14]
[11, 15]
[2, 24]
[4, 22]
[5, 21]
[20, 6]
[17, 9]
[21, 6]
[3, 24]
[20, 7]
[16, 11]
[18, 9]
[1, 26]
[2, 25]
[4, 23]
[13, 14]
[5, 22]
[17, 10]
[19, 8]
[12, 15]
[13, 15]
[1, 27]
[2, 26]
[17, 11]
[3, 25]
[4, 24]
[20, 8]
[19, 9]
[5, 23]
[21, 7]
[18, 10]
[16, 12]
[6, 22]
[6, 23]
[5, 24]
[19, 10]
[20, 9]
[16, 13]
[22, 7]
[21, 8]
[14, 15]
[1, 28]
[2, 27]
[18, 11]
[3, 26]
[4, 25]
[17, 12]
[6, 24]
[1, 29]
[2, 28]
[16, 14]
[3, 27]
[21, 9]
[17, 13]
[19, 11]
[18, 12]
[7, 23]
[22, 8]
[4, 26]
[5, 25]
[20, 10]
[1, 30]
[20, 11]
[23, 8]
[2, 29]
[3, 28]
[7, 24]
[18, 13]
[16, 15]
[6, 25]
[4, 27]
[22, 9]
[5, 26]
[19, 12]
[21, 10]
[17, 14]
[19, 13]
[1, 31]
[2, 30]
[5, 27]
[23, 9]
[17, 15]
[22, 10]
[21, 11]
[3, 29]
[4, 28]
[7, 25]
[18, 14]
[20, 12]
[6, 26]
[8, 24]
[32, 1]
[2, 31]
[8, 25]
[18, 15]
[6, 27]
[21, 12]
[24, 9]
[19, 14]
[7, 26]
[3, 30]
[16, 17]
[4, 29]
[23, 10]
[22, 11]
[5, 28]
[20, 13]
[16, 18]
[3, 31]
[9, 25]
[22, 12]
[24, 10]
[6, 28]
[8, 26]
[20, 14]
[7, 27]
[32, 2]
[5, 29]
[1, 33]
[4, 30]
[21, 13]
[19, 15]
[23, 11]
[21, 14]
[4, 31]
[32, 3]
[1, 34]
[7, 28]
[17, 18]
[16, 19]
[24, 11]
[23, 12]
[33, 2]
[9, 26]
[25, 10]
[5, 30]
[8, 27]
[6, 29]
[20, 15]
[22, 13]
[2, 34]
[9, 27]
[32, 4]
[33, 3]
[1, 35]
[8, 28]
[17, 19]
[23, 13]
[7, 29]
[6, 30]
[16, 20]
[5, 31]
[10, 26]
[25, 11]
[21, 15]
[24, 12]
[22, 14]
[24, 13]
[34, 3]
[6, 31]
[32, 5]
[25, 12]
[1, 36]
[18, 19]
[7, 30]
[2, 35]
[17, 20]
[9, 28]
[10, 27]
[16, 21]
[8, 29]
[26, 11]
[23, 14]
[33, 4]
[22, 15]
[24, 14]
[1, 37]
[3, 35]
[32, 6]
[17, 21]
[8, 30]
[9, 29]
[33, 5]
[7, 31]
[10, 28]
[18, 20]
[11, 27]
[16, 22]
[2, 36]
[34, 4]
[25, 13]
[26, 12]
[23, 15]
[32, 7]
[8, 31]
[2, 37]
[10, 29]
[27, 12]
[24, 15]
[19, 20]
[9, 30]
[17, 22]
[34, 5]
[33, 6]
[25, 14]
[16, 23]
[1, 38]
[3, 36]
[11, 28]
[26, 13]
[18, 21]
[35, 4]
[16, 24]
[27, 13]
[4, 36]
[9, 31]
[19, 21]
[35, 5]
[1, 39]
[2, 38]
[33, 7]
[12, 28]
[32, 8]
[10, 30]
[17, 23]
[18, 22]
[11, 29]
[34, 6]
[3, 37]
[25, 15]
[26, 14]
[35, 6]
[33, 8]
[3, 38]
[1, 40]
[34, 7]
[19, 22]
[2, 39]
[16, 25]
[11, 30]
[4, 37]
[28, 13]
[32, 9]
[27, 14]
[17, 24]
[12, 29]
[26, 15]
[18, 23]
[36, 5]
[10, 31]
[20, 21]
[2, 40]
[19, 23]
[5, 37]
[3, 39]
[36, 6]
[20, 22]
[1, 41]
[18, 24]
[33, 9]
[32, 10]
[28, 14]
[16, 26]
[13, 29]
[17, 25]
[34, 8]
[35, 7]
[4, 38]
[11, 31]
[12, 30]
[27, 15]
[37, 6]
[2, 41]
[34, 9]
[33, 10]
[32, 11]
[21, 22]
[12, 31]
[13, 30]
[5, 38]
[35, 8]
[1, 42]
[36, 7]
[16, 27]
[20, 23]
[3, 40]
[18, 25]
[4, 39]
[28, 15]
[29, 14]
[17, 26]
[19, 24]
[36, 8]
[33, 11]
[2, 42]
[5, 39]
[32, 12]
[21, 23]
[14, 30]
[4, 40]
[37, 7]
[6, 38]
[1, 43]
[35, 9]
[3, 41]
[34, 10]
[13, 31]
[17, 27]
[18, 26]
[19, 25]
[20, 24]
[29, 15]
[16, 28]
[1, 44]
[2, 43]
[36, 9]
[35, 10]
[14, 31]
[18, 27]
[19, 26]
[16, 29]
[3, 42]
[38, 7]
[37, 8]
[32, 13]
[21, 24]
[17, 28]
[22, 23]
[4, 41]
[33, 12]
[20, 25]
[5, 40]
[6, 39]
[34, 11]
[30, 15]
[32, 14]
[37, 9]
[38, 8]
[35, 11]
[36, 10]
[20, 26]
[22, 24]
[2, 44]
[7, 39]
[3, 43]
[34, 12]
[16, 30]
[21, 25]
[33, 13]
[15, 31]
[5, 41]
[4, 42]
[19, 27]
[18, 28]
[17, 29]
[2, 45]
[4, 43]
[34, 13]
[18, 29]
[23, 24]
[3, 44]
[7, 40]
[22, 25]
[16, 31]
[39, 8]
[1, 46]
[38, 9]
[33, 14]
[5, 42]
[6, 41]
[32, 15]
[17, 30]
[37, 10]
[35, 12]
[20, 27]
[36, 11]
[19, 28]
[21, 26]
[16, 32]
[2, 46]
[4, 44]
[17, 31]
[21, 27]
[7, 41]
[36, 12]
[38, 10]
[1, 47]
[39, 9]
[18, 30]
[33, 15]
[3, 45]
[19, 29]
[5, 43]
[6, 42]
[8, 40]
[20, 28]
[22, 26]
[23, 25]
[34, 14]
[37, 11]
[23, 26]
[2, 47]
[22, 27]
[7, 42]
[8, 41]
[37, 12]
[20, 29]
[24, 25]
[3, 46]
[6, 43]
[5, 44]
[38, 11]
[34, 15]
[16, 33]
[4, 45]
[35, 14]
[19, 30]
[39, 10]
[21, 28]
[32, 17]
[18, 31]
[3, 47]
[23, 27]
[21, 29]
[1, 49]
[7, 43]
[17, 33]
[8, 42]
[48, 2]
[24, 26]
[37, 13]
[9, 41]
[36, 14]
[19, 31]
[39, 11]
[20, 30]
[16, 34]
[41, 10]
[49, 2]
[9, 42]
[37, 14]
[22, 29]
[23, 28]
[25, 26]
[38, 13]
[20, 31]
[21, 30]
[39, 12]
[24, 27]
[33, 18]
[21, 31]
[38, 14]
[49, 3]
[9, 43]
[24, 28]
[23, 29]
[39, 13]
[32, 20]
[16, 36]
[25, 27]
[32, 21]
[26, 27]
[22, 31]
[23, 30]
[42, 11]
[16, 37]
[33, 20]
[24, 29]
[39, 14]
[10, 43]
[34, 20]
[23, 31]
[32, 22]
[42, 12]
[9, 45]
[41, 13]
[33, 21]
[25, 29]
[25, 30]
[41, 14]
[27, 28]
[16, 39]
[1, 2, 3]
[1, 2, 4]
[1, 2, 5]
[1, 3, 4]
[1, 2, 6]
[1, 3, 5]
[2, 3, 4]
[1, 2, 7]
[1, 3, 6]
[1, 4, 5]
[2, 3, 5]
[2, 4, 5]
[1, 2, 8]
[2, 3, 6]
[1, 3, 7]
[1, 4, 6]
[2, 4, 6]
[3, 4, 5]
[1, 2, 9]
[1, 3, 8]
[1, 4, 7]
[1, 5, 6]
[2, 3, 7]
[3, 4, 6]
[1, 4, 8]
[2, 3, 8]
[1, 2, 10]
[1, 3, 9]
[1, 5, 7]
[2, 5, 6]
[2, 4, 7]
[1, 4, 9]
[3, 4, 7]
[2, 4, 8]
[2, 5, 7]
[1, 5, 8]
[1, 6, 7]
[3, 5, 6]
[1, 2, 11]
[2, 3, 9]
[1, 3, 10]
[3, 5, 7]
[2, 3, 10]
[2, 5, 8]
[4, 5, 6]
[1, 2, 12]
[1, 4, 10]
[1, 6, 8]
[2, 4, 9]
[3, 4, 8]
[2, 6, 7]
[1, 3, 11]
[1, 5, 9]
[1, 2, 13]
[3, 5, 8]
[3, 4, 9]
[1, 5, 10]
[2, 4, 10]
[1, 7, 8]
[2, 3, 11]
[2, 5, 9]
[1, 3, 12]
[1, 6, 9]
[4, 5, 7]
[1, 4, 11]
[2, 6, 8]
[3, 6, 7]
[1, 5, 11]
[2, 4, 11]
[3, 4, 10]
[2, 6, 9]
[1, 4, 12]
[1, 7, 9]
[2, 7, 8]
[4, 5, 8]
[4, 6, 7]
[1, 6, 10]
[1, 3, 13]
[2, 5, 10]
[3, 6, 8]
[1, 2, 14]
[2, 3, 12]
[3, 5, 9]
[1, 8, 9]
[2, 6, 10]
[1, 6, 11]
[1, 5, 12]
[3, 4, 11]
[3, 6, 9]
[4, 5, 9]
[3, 5, 10]
[5, 6, 7]
[2, 5, 11]
[2, 7, 9]
[1, 4, 13]
[3, 7, 8]
[4, 6, 8]
[1, 3, 14]
[2, 4, 12]
[1, 7, 10]
[2, 3, 13]
[1, 2, 15]
[1, 6, 12]
[2, 6, 11]
[4, 5, 10]
[3, 7, 9]
[2, 4, 13]
[1, 8, 10]
[2, 5, 12]
[16, 1, 2]
[1, 5, 13]
[4, 6, 9]
[2, 7, 10]
[3, 4, 12]
[1, 3, 15]
[2, 3, 14]
[1, 4, 14]
[1, 7, 11]
[3, 6, 10]
[5, 6, 8]
[2, 8, 9]
[4, 7, 8]
[3, 5, 11]
[3, 4, 13]
[1, 6, 13]
[4, 5, 11]
[2, 8, 10]
[1, 9, 10]
[2, 5, 13]
[1, 8, 11]
[2, 7, 11]
[4, 7, 9]
[3, 7, 10]
[5, 7, 8]
[1, 7, 12]
[1, 17, 2]
[4, 6, 10]
[3, 6, 11]
[2, 4, 14]
[2, 6, 12]
[1, 5, 14]
[5, 6, 9]
[3, 8, 9]
[16, 1, 3]
[2, 3, 15]
[1, 4, 15]
[3, 5, 12]
[2, 5, 14]
[1, 7, 13]
[3, 5, 13]
[5, 6, 10]
[4, 5, 12]
[3, 4, 14]
[5, 7, 9]
[16, 1, 4]
[2, 8, 11]
[2, 9, 10]
[4, 8, 9]
[1, 5, 15]
[2, 4, 15]
[16, 2, 3]
[2, 6, 13]
[1, 2, 18]
[6, 7, 8]
[1, 6, 14]
[3, 6, 12]
[1, 17, 3]
[1, 9, 11]
[1, 8, 12]
[3, 8, 10]
[4, 7, 10]
[2, 7, 12]
[4, 6, 11]
[3, 7, 11]
[1, 9, 12]
[2, 6, 14]
[5, 7, 10]
[1, 7, 14]
[4, 6, 12]
[3, 5, 14]
[2, 7, 13]
[4, 5, 13]
[5, 6, 11]
[1, 6, 15]
[3, 8, 11]
[1, 8, 13]
[1, 10, 11]
[1, 18, 3]
[16, 1, 5]
[17, 2, 3]
[16, 2, 4]
[4, 8, 10]
[5, 8, 9]
[1, 17, 4]
[3, 6, 13]
[3, 9, 10]
[2, 8, 12]
[2, 5, 15]
[3, 4, 15]
[6, 7, 9]
[3, 7, 12]
[4, 7, 11]
[2, 9, 11]
[1, 2, 19]
[3, 6, 14]
[3, 5, 15]
[4, 6, 13]
[5, 6, 12]
[4, 9, 10]
[2, 7, 14]
[2, 10, 11]
[6, 8, 9]
[1, 18, 4]
[17, 2, 4]
[1, 9, 13]
[2, 18, 3]
[1, 3, 19]
[16, 3, 4]
[3, 9, 11]
[3, 8, 12]
[16, 2, 5]
[4, 5, 14]
[1, 10, 12]
[2, 9, 12]
[16, 1, 6]
[1, 8, 14]
[6, 7, 10]
[1, 17, 5]
[1, 7, 15]
[1, 2, 20]
[3, 7, 13]
[4, 7, 12]
[4, 8, 11]
[5, 8, 10]
[5, 7, 11]
[2, 8, 13]
[2, 6, 15]
[2, 18, 4]
[1, 10, 13]
[1, 9, 14]
[4, 5, 15]
[3, 8, 13]
[3, 9, 12]
[4, 8, 12]
[5, 6, 13]
[5, 9, 10]
[1, 3, 20]
[17, 3, 4]
[2, 9, 13]
[5, 7, 12]
[1, 17, 6]
[2, 7, 15]
[3, 7, 14]
[16, 1, 7]
[17, 2, 5]
[3, 10, 11]
[16, 2, 6]
[3, 6, 15]
[6, 8, 10]
[2, 10, 12]
[2, 3, 19]
[1, 2, 21]
[16, 3, 5]
[4, 9, 11]
[1, 19, 4]
[4, 7, 13]
[4, 6, 14]
[1, 18, 5]
[1, 8, 15]
[7, 8, 9]
[5, 8, 11]
[1, 11, 12]
[2, 8, 14]
[6, 7, 11]
[16, 4, 5]
[4, 9, 12]
[6, 9, 10]
[1, 17, 7]
[17, 3, 5]
[7, 8, 10]
[6, 8, 11]
[16, 2, 7]
[2, 8, 15]
[4, 10, 11]
[1, 11, 13]
[5, 9, 11]
[1, 9, 15]
[4, 7, 14]
[3, 10, 12]
[17, 2, 6]
[2, 19, 4]
[1, 19, 5]
[3, 7, 15]
[2, 9, 14]
[1, 2, 22]
[18, 3, 4]
[16, 3, 6]
[6, 7, 12]
[5, 6, 14]
[5, 7, 13]
[1, 18, 6]
[2, 10, 13]
[2, 18, 5]
[4, 6, 15]
[2, 3, 20]
[3, 8, 14]
[1, 4, 20]
[16, 1, 8]
[2, 11, 12]
[4, 8, 13]
[5, 8, 12]
[3, 9, 13]
[1, 10, 14]
[1, 3, 21]
[1, 10, 15]
[17, 2, 7]
[1, 4, 21]
[2, 3, 21]
[1, 18, 7]
[1, 17, 8]
[5, 9, 12]
[16, 1, 9]
[4, 8, 14]
[1, 2, 23]
[1, 11, 14]
[7, 8, 11]
[2, 18, 6]
[3, 8, 15]
[2, 11, 13]
[1, 20, 5]
[16, 3, 7]
[4, 9, 13]
[16, 4, 6]
[1, 3, 22]
[3, 19, 4]
[5, 8, 13]
[18, 3, 5]
[6, 8, 12]
[2, 19, 5]
[5, 7, 14]
[4, 10, 12]
[7, 9, 10]
[3, 10, 13]
[5, 6, 15]
[3, 9, 14]
[3, 11, 12]
[5, 10, 11]
[1, 19, 6]
[2, 4, 20]
[17, 4, 5]
[2, 10, 14]
[4, 7, 15]
[17, 3, 6]
[16, 2, 8]
[2, 9, 15]
[6, 9, 11]
[6, 7, 13]
[1, 12, 13]
[2, 11, 14]
[2, 10, 15]
[2, 4, 21]
[18, 4, 5]
[16, 3, 8]
[6, 10, 11]
[1, 20, 6]
[16, 5, 6]
[6, 7, 14]
[4, 10, 13]
[7, 9, 11]
[16, 2, 9]
[5, 9, 13]
[1, 19, 7]
[18, 3, 6]
[1, 11, 15]
[17, 4, 6]
[4, 8, 15]
[4, 9, 14]
[2, 20, 5]
[5, 7, 15]
[2, 19, 6]
[4, 11, 12]
[1, 2, 24]
[17, 2, 8]
[1, 3, 23]
[6, 8, 13]
[6, 9, 12]
[1, 4, 22]
[17, 3, 7]
[2, 3, 22]
[3, 10, 14]
[1, 18, 8]
[3, 19, 5]
[16, 1, 10]
[3, 4, 20]
[1, 5, 21]
[16, 4, 7]
[5, 10, 12]
[8, 9, 10]
[5, 8, 14]
[1, 17, 9]
[7, 8, 12]
[2, 18, 7]
[1, 12, 14]
[3, 9, 15]
[3, 11, 13]
[2, 12, 13]
[2, 3, 23]
[1, 13, 14]
[18, 3, 7]
[1, 3, 24]
[1, 5, 22]
[3, 20, 5]
[17, 5, 6]
[17, 2, 9]
[3, 11, 14]
[1, 20, 7]
[16, 3, 9]
[3, 10, 15]
[6, 10, 12]
[2, 20, 6]
[16, 1, 11]
[5, 10, 13]
[2, 11, 15]
[2, 12, 14]
[18, 4, 6]
[1, 4, 23]
[17, 4, 7]
[7, 8, 13]
[6, 8, 14]
[17, 3, 8]
[4, 9, 15]
[8, 9, 11]
[4, 11, 13]
[5, 11, 12]
[1, 17, 10]
[16, 5, 7]
[5, 8, 15]
[5, 9, 14]
[1, 2, 25]
[3, 19, 6]
[2, 18, 8]
[7, 9, 12]
[7, 10, 11]
[1, 19, 8]
[16, 4, 8]
[2, 19, 7]
[1, 12, 15]
[3, 12, 13]
[3, 4, 21]
[1, 18, 9]
[1, 21, 6]
[16, 2, 10]
[4, 10, 14]
[19, 4, 5]
[2, 5, 21]
[2, 4, 22]
[6, 9, 13]
[6, 7, 15]
[3, 11, 15]
[4, 12, 13]
[2, 4, 23]
[18, 4, 7]
[17, 3, 9]
[7, 10, 12]
[17, 2, 10]
[3, 20, 6]
[7, 9, 13]
[6, 11, 12]
[8, 10, 11]
[4, 20, 5]
[16, 5, 8]
[16, 2, 11]
[2, 13, 14]
[18, 3, 8]
[7, 8, 14]
[6, 8, 15]
[2, 12, 15]
[1, 13, 15]
[4, 10, 15]
[1, 21, 7]
[18, 5, 6]
[5, 9, 15]
[1, 2, 26]
[2, 5, 22]
[17, 4, 8]
[3, 12, 14]
[2, 3, 24]
[1, 6, 22]
[16, 1, 12]
[2, 20, 7]
[3, 19, 7]
[4, 11, 14]
[16, 3, 10]
[5, 11, 13]
[16, 6, 7]
[19, 4, 6]
[8, 9, 12]
[1, 17, 11]
[17, 5, 7]
[3, 5, 21]
[1, 3, 25]
[1, 4, 24]
[1, 5, 23]
[6, 9, 14]
[5, 10, 14]
[2, 21, 6]
[3, 4, 22]
[1, 19, 9]
[2, 19, 8]
[1, 18, 10]
[6, 10, 13]
[16, 4, 9]
[1, 20, 8]
[2, 18, 9]
[16, 6, 8]
[1, 19, 10]
[7, 11, 12]
[3, 19, 8]
[1, 5, 24]
[1, 6, 23]
[2, 18, 10]
[6, 9, 15]
[5, 10, 15]
[5, 12, 13]
[4, 12, 14]
[1, 22, 7]
[1, 14, 15]
[3, 21, 6]
[19, 5, 6]
[17, 6, 7]
[2, 3, 25]
[17, 2, 11]
[7, 9, 14]
[1, 4, 25]
[1, 18, 11]
[3, 12, 15]
[4, 11, 15]
[3, 20, 7]
[18, 3, 9]
[1, 17, 12]
[16, 2, 12]
[3, 13, 14]
[7, 10, 13]
[4, 20, 6]
[2, 20, 8]
[2, 5, 23]
[6, 11, 13]
[17, 5, 8]
[6, 10, 14]
[2, 4, 24]
[1, 3, 26]
[8, 10, 12]
[2, 21, 7]
[9, 10, 11]
[19, 4, 7]
[18, 4, 8]
[1, 21, 8]
[16, 1, 13]
[2, 13, 15]
[3, 4, 23]
[4, 5, 21]
[2, 6, 22]
[16, 5, 9]
[18, 5, 7]
[17, 4, 9]
[7, 8, 15]
[1, 2, 27]
[16, 3, 11]
[17, 3, 10]
[16, 4, 10]
[1, 20, 9]
[2, 19, 9]
[5, 11, 14]
[8, 9, 13]
[3, 5, 22]
[3, 19, 9]
[1, 6, 24]
[2, 21, 8]
[4, 13, 14]
[1, 4, 26]
[7, 9, 15]
[1, 5, 25]
[2, 4, 25]
[1, 17, 13]
[6, 11, 14]
[1, 3, 27]
[19, 5, 7]
[1, 22, 8]
[2, 22, 7]
[7, 10, 14]
[17, 5, 9]
[5, 11, 15]
[8, 11, 12]
[3, 4, 24]
[18, 6, 7]
[1, 18, 12]
[17, 3, 11]
[8, 10, 13]
[19, 4, 8]
[16, 6, 9]
[20, 5, 6]
[18, 4, 9]
[16, 1, 14]
[16, 3, 12]
[2, 14, 15]
[6, 10, 15]
[2, 5, 24]
[3, 13, 15]
[7, 11, 13]
[1, 2, 28]
[5, 12, 14]
[2, 20, 9]
[3, 20, 8]
[3, 21, 7]
[2, 18, 11]
[4, 20, 7]
[4, 12, 15]
[4, 21, 6]
[17, 4, 10]
[1, 20, 10]
[3, 5, 23]
[6, 12, 13]
[2, 19, 10]
[16, 7, 8]
[18, 5, 8]
[18, 3, 10]
[17, 2, 12]
[2, 3, 26]
[17, 6, 8]
[1, 7, 23]
[3, 6, 22]
[16, 2, 13]
[1, 21, 9]
[16, 5, 10]
[8, 9, 14]
[4, 5, 22]
[1, 19, 11]
[9, 10, 12]
[16, 4, 11]
[2, 6, 23]
[2, 20, 10]
[2, 21, 9]
[16, 1, 15]
[2, 6, 24]
[17, 4, 11]
[17, 6, 9]
[1, 6, 25]
[7, 10, 15]
[17, 2, 13]
[1, 21, 10]
[4, 5, 23]
[3, 21, 8]
[4, 13, 15]
[6, 12, 14]
[5, 21, 6]
[16, 5, 11]
[1, 2, 29]
[1, 23, 8]
[1, 22, 9]
[3, 6, 23]
[7, 11, 14]
[3, 20, 9]
[18, 3, 11]
[3, 5, 24]
[5, 12, 15]
[3, 4, 25]
[3, 14, 15]
[19, 4, 9]
[19, 6, 7]
[1, 18, 13]
[17, 5, 10]
[16, 2, 14]
[18, 6, 8]
[4, 20, 8]
[2, 19, 11]
[8, 10, 14]
[9, 10, 13]
[2, 7, 23]
[16, 4, 12]
[16, 6, 10]
[1, 3, 28]
[1, 20, 11]
[18, 5, 9]
[8, 9, 15]
[16, 7, 9]
[9, 11, 12]
[17, 7, 8]
[6, 11, 15]
[18, 4, 10]
[1, 5, 26]
[5, 13, 14]
[1, 4, 27]
[2, 22, 8]
[3, 22, 7]
[2, 18, 12]
[8, 11, 13]
[17, 3, 12]
[1, 7, 24]
[2, 3, 27]
[2, 4, 26]
[7, 12, 13]
[20, 5, 7]
[1, 17, 14]
[16, 3, 13]
[2, 5, 25]
[4, 21, 7]
[19, 5, 8]
[4, 6, 22]
[1, 19, 12]
[3, 19, 10]
[1, 4, 28]
[8, 11, 14]
[7, 11, 15]
[4, 20, 9]
[20, 5, 8]
[16, 3, 14]
[3, 22, 8]
[3, 7, 23]
[3, 5, 25]
[2, 6, 25]
[18, 6, 9]
[17, 5, 11]
[5, 6, 22]
[1, 7, 25]
[8, 10, 15]
[16, 4, 13]
[16, 6, 11]
[1, 18, 14]
[2, 7, 24]
[4, 22, 7]
[2, 18, 13]
[6, 12, 15]
[7, 12, 14]
[6, 13, 14]
[17, 3, 13]
[17, 6, 10]
[4, 14, 15]
[1, 23, 9]
[20, 6, 7]
[1, 22, 10]
[19, 6, 8]
[18, 4, 11]
[2, 21, 10]
[5, 21, 7]
[2, 23, 8]
[2, 22, 9]
[19, 4, 10]
[18, 3, 12]
[8, 12, 13]
[18, 5, 10]
[4, 21, 8]
[17, 4, 12]
[1, 8, 24]
[3, 20, 10]
[17, 2, 14]
[10, 11, 12]
[4, 5, 24]
[2, 20, 11]
[18, 7, 8]
[16, 2, 15]
[1, 19, 13]
[19, 5, 9]
[9, 10, 14]
[1, 3, 29]
[2, 19, 12]
[1, 2, 30]
[1, 5, 27]
[2, 5, 26]
[16, 8, 9]
[16, 5, 12]
[2, 3, 28]
[5, 13, 15]
[2, 4, 27]
[3, 4, 26]
[1, 21, 11]
[9, 11, 13]
[3, 6, 24]
[1, 20, 12]
[3, 19, 11]
[1, 6, 26]
[3, 21, 9]
[16, 7, 10]
[17, 7, 9]
[4, 6, 23]
[1, 17, 15]
[17, 6, 11]
[20, 5, 9]
[19, 6, 9]
[2, 3, 29]
[18, 3, 13]
[18, 4, 12]
[17, 3, 14]
[2, 23, 9]
[4, 22, 8]
[17, 2, 15]
[17, 4, 13]
[5, 22, 7]
[3, 21, 10]
[1, 24, 9]
[19, 4, 11]
[1, 18, 15]
[16, 3, 15]
[3, 5, 26]
[3, 7, 24]
[21, 6, 7]
[5, 6, 23]
[1, 7, 26]
[1, 22, 11]
[5, 14, 15]
[19, 5, 10]
[2, 4, 28]
[4, 5, 25]
[6, 13, 15]
[16, 7, 11]
[2, 19, 13]
[4, 6, 24]
[20, 6, 8]
[8, 12, 14]
[18, 5, 11]
[8, 11, 15]
[16, 1, 17]
[18, 6, 10]
[16, 6, 12]
[1, 3, 30]
[1, 6, 27]
[1, 8, 25]
[1, 23, 10]
[1, 19, 14]
[3, 19, 12]
[4, 20, 10]
[1, 20, 13]
[1, 2, 31]
[7, 13, 14]
[1, 4, 29]
[1, 21, 12]
[17, 7, 10]
[16, 4, 14]
[18, 7, 9]
[2, 6, 26]
[3, 4, 27]
[2, 18, 14]
[16, 8, 10]
[9, 12, 13]
[3, 6, 25]
[2, 7, 25]
[4, 21, 9]
[19, 7, 8]
[9, 11, 14]
[10, 11, 13]
[2, 8, 24]
[17, 8, 9]
[7, 12, 15]
[16, 5, 13]
[3, 20, 11]
[2, 20, 12]
[3, 22, 9]
[1, 5, 28]
[2, 22, 10]
[5, 21, 8]
[9, 10, 15]
[3, 23, 8]
[17, 5, 12]
[2, 5, 27]
[4, 7, 23]
[2, 21, 11]
[1, 4, 30]
[9, 11, 15]
[2, 6, 27]
[16, 7, 12]
[8, 12, 15]
[19, 6, 10]
[1, 3, 31]
[2, 24, 9]
[1, 5, 29]
[3, 8, 24]
[4, 20, 11]
[17, 5, 13]
[1, 24, 10]
[2, 3, 30]
[3, 21, 11]
[5, 21, 9]
[3, 22, 10]
[3, 5, 27]
[1, 21, 13]
[20, 5, 10]
[1, 9, 25]
[3, 23, 9]
[20, 6, 9]
[19, 4, 12]
[5, 6, 24]
[4, 22, 9]
[17, 3, 15]
[21, 6, 8]
[16, 6, 13]
[2, 23, 10]
[2, 21, 12]
[3, 7, 25]
[1, 7, 27]
[17, 6, 12]
[2, 7, 26]
[18, 4, 13]
[18, 6, 11]
[1, 8, 26]
[9, 12, 14]
[2, 19, 14]
[3, 19, 13]
[18, 7, 10]
[10, 12, 13]
[17, 8, 10]
[16, 17, 2]
[6, 14, 15]
[17, 4, 14]
[20, 7, 8]
[16, 5, 14]
[3, 6, 26]
[4, 6, 25]
[10, 11, 14]
[4, 5, 26]
[4, 23, 8]
[3, 20, 12]
[8, 13, 14]
[18, 3, 14]
[19, 5, 11]
[1, 6, 28]
[4, 21, 10]
[2, 8, 25]
[2, 22, 11]
[2, 20, 13]
[16, 9, 10]
[6, 22, 7]
[2, 18, 15]
[2, 5, 28]
[32, 1, 2]
[18, 5, 12]
[16, 1, 18]
[2, 4, 29]
[5, 7, 23]
[4, 7, 24]
[1, 23, 11]
[16, 8, 11]
[1, 22, 12]
[5, 22, 8]
[7, 13, 15]
[1, 19, 15]
[19, 7, 9]
[1, 20, 14]
[18, 8, 9]
[3, 4, 28]
[17, 7, 11]
[16, 1, 19]
[3, 4, 29]
[2, 8, 26]
[2, 9, 25]
[4, 7, 25]
[17, 5, 14]
[9, 13, 14]
[6, 7, 23]
[5, 21, 10]
[19, 8, 9]
[18, 7, 11]
[16, 9, 11]
[2, 5, 29]
[16, 5, 15]
[4, 20, 12]
[6, 22, 8]
[2, 20, 14]
[19, 5, 12]
[16, 6, 14]
[4, 5, 27]
[16, 2, 18]
[18, 4, 14]
[18, 3, 15]
[1, 24, 11]
[10, 11, 15]
[4, 8, 24]
[1, 20, 15]
[1, 9, 26]
[3, 23, 10]
[3, 5, 28]
[7, 14, 15]
[2, 6, 28]
[3, 24, 9]
[21, 7, 8]
[18, 8, 10]
[2, 22, 12]
[16, 17, 3]
[3, 7, 26]
[17, 8, 11]
[20, 5, 11]
[1, 5, 30]
[4, 21, 11]
[9, 12, 15]
[8, 13, 15]
[1, 25, 10]
[19, 7, 10]
[18, 5, 13]
[32, 1, 3]
[1, 4, 31]
[5, 7, 24]
[3, 22, 11]
[3, 19, 14]
[2, 19, 15]
[4, 22, 10]
[5, 22, 9]
[17, 9, 10]
[1, 23, 12]
[5, 23, 8]
[18, 6, 12]
[4, 6, 26]
[1, 21, 14]
[2, 21, 13]
[3, 20, 13]
[16, 8, 12]
[19, 4, 13]
[17, 7, 12]
[1, 8, 27]
[11, 12, 13]
[20, 7, 9]
[1, 22, 13]
[19, 6, 11]
[20, 6, 10]
[1, 17, 18]
[2, 24, 10]
[17, 6, 13]
[2, 4, 30]
[1, 7, 28]
[16, 7, 13]
[1, 6, 29]
[17, 4, 15]
[3, 6, 27]
[2, 7, 27]
[21, 6, 9]
[2, 3, 31]
[3, 8, 25]
[5, 6, 25]
[2, 23, 11]
[3, 21, 12]
[10, 12, 14]
[4, 23, 9]
[3, 6, 28]
[19, 7, 11]
[10, 13, 14]
[20, 8, 9]
[2, 6, 29]
[1, 8, 28]
[5, 22, 10]
[2, 20, 15]
[1, 25, 11]
[5, 21, 11]
[3, 24, 10]
[16, 18, 3]
[16, 8, 13]
[4, 23, 10]
[21, 6, 10]
[3, 21, 13]
[20, 7, 10]
[3, 8, 26]
[3, 23, 11]
[18, 9, 10]
[18, 8, 11]
[18, 5, 14]
[3, 19, 15]
[2, 9, 26]
[1, 24, 12]
[16, 10, 11]
[2, 4, 31]
[21, 7, 9]
[17, 8, 12]
[32, 1, 4]
[3, 7, 27]
[16, 17, 4]
[4, 22, 11]
[3, 20, 14]
[17, 2, 18]
[32, 2, 3]
[3, 5, 29]
[19, 6, 12]
[4, 20, 13]
[2, 25, 10]
[2, 23, 12]
[4, 7, 26]
[5, 7, 25]
[5, 8, 24]
[2, 21, 14]
[17, 9, 11]
[2, 22, 13]
[18, 6, 13]
[20, 6, 11]
[4, 24, 9]
[20, 5, 12]
[2, 24, 11]
[4, 21, 12]
[4, 6, 27]
[1, 10, 26]
[2, 5, 30]
[6, 22, 9]
[4, 8, 25]
[17, 6, 14]
[22, 7, 8]
[1, 33, 3]
[1, 22, 14]
[8, 14, 15]
[1, 6, 30]
[1, 9, 27]
[9, 13, 15]
[11, 12, 14]
[17, 5, 15]
[5, 23, 9]
[16, 7, 14]
[1, 2, 34]
[16, 1, 20]
[16, 6, 15]
[6, 23, 8]
[1, 21, 15]
[16, 9, 12]
[16, 2, 19]
[1, 5, 31]
[1, 17, 19]
[3, 4, 30]
[1, 7, 29]
[3, 22, 12]
[3, 9, 25]
[1, 23, 13]
[6, 7, 24]
[19, 8, 10]
[19, 4, 14]
[18, 7, 12]
[5, 6, 26]
[2, 8, 27]
[19, 5, 13]
[2, 7, 28]
[17, 7, 13]
[10, 12, 15]
[1, 8, 29]
[16, 10, 12]
[3, 25, 10]
[17, 8, 13]
[4, 22, 12]
[2, 25, 11]
[32, 2, 4]
[2, 5, 31]
[5, 6, 27]
[2, 7, 29]
[3, 24, 11]
[16, 1, 21]
[20, 8, 10]
[17, 9, 12]
[19, 5, 14]
[3, 7, 28]
[2, 6, 30]
[17, 6, 15]
[2, 22, 14]
[4, 20, 14]
[2, 10, 26]
[20, 5, 13]
[7, 23, 8]
[1, 9, 28]
[5, 8, 25]
[3, 22, 13]
[17, 18, 3]
[3, 8, 27]
[21, 6, 11]
[20, 6, 12]
[16, 3, 19]
[1, 24, 13]
[19, 6, 13]
[4, 21, 13]
[3, 9, 26]
[32, 1, 5]
[16, 9, 13]
[10, 13, 15]
[2, 23, 13]
[5, 23, 10]
[18, 5, 15]
[4, 6, 28]
[4, 24, 10]
[6, 22, 10]
[5, 21, 12]
[11, 12, 15]
[9, 14, 15]
[5, 24, 9]
[1, 33, 4]
[19, 7, 12]
[1, 26, 11]
[11, 13, 14]
[16, 8, 14]
[2, 8, 28]
[4, 8, 26]
[1, 23, 14]
[3, 21, 14]
[6, 8, 24]
[6, 7, 25]
[1, 17, 20]
[3, 4, 31]
[1, 7, 30]
[4, 23, 11]
[19, 9, 10]
[16, 7, 15]
[18, 7, 13]
[1, 6, 31]
[4, 9, 25]
[1, 2, 35]
[33, 2, 3]
[21, 7, 10]
[19, 8, 11]
[3, 5, 30]
[18, 6, 14]
[4, 7, 27]
[3, 20, 15]
[17, 10, 11]
[2, 9, 27]
[1, 10, 27]
[19, 4, 15]
[16, 18, 4]
[22, 7, 9]
[20, 7, 11]
[1, 18, 19]
[1, 25, 12]
[18, 9, 11]
[5, 7, 26]
[6, 23, 9]
[21, 8, 9]
[18, 8, 12]
[2, 21, 15]
[5, 22, 11]
[3, 6, 29]
[4, 5, 29]
[17, 2, 19]
[16, 17, 5]
[2, 24, 12]
[3, 23, 12]
[17, 7, 14]
[16, 2, 20]
[2, 34, 3]
[4, 9, 26]
[12, 13, 14]
[5, 7, 27]
[20, 9, 10]
[19, 6, 14]
[2, 10, 27]
[10, 14, 15]
[7, 8, 24]
[4, 25, 10]
[3, 6, 30]
[2, 18, 19]
[3, 23, 13]
[16, 8, 15]
[19, 7, 13]
[18, 9, 12]
[5, 23, 11]
[2, 8, 29]
[16, 2, 21]
[4, 20, 15]
[18, 10, 11]
[1, 7, 31]
[5, 21, 13]
[20, 6, 13]
[19, 5, 15]
[16, 9, 14]
[4, 6, 29]
[3, 24, 12]
[16, 18, 5]
[4, 22, 13]
[4, 5, 30]
[21, 6, 12]
[16, 10, 13]
[3, 21, 15]
[11, 13, 15]
[16, 1, 22]
[1, 11, 27]
[3, 25, 11]
[1, 24, 14]
[17, 9, 13]
[4, 23, 12]
[7, 23, 9]
[3, 22, 14]
[2, 7, 30]
[2, 25, 12]
[2, 23, 14]
[1, 9, 29]
[1, 18, 20]
[3, 7, 29]
[17, 18, 4]
[3, 5, 31]
[6, 7, 26]
[5, 22, 12]
[20, 7, 12]
[17, 3, 19]
[3, 9, 27]
[1, 23, 15]
[17, 2, 20]
[16, 19, 4]
[6, 22, 11]
[1, 17, 21]
[4, 24, 11]
[6, 8, 25]
[5, 8, 26]
[2, 9, 28]
[5, 24, 10]
[5, 6, 28]
[32, 2, 5]
[20, 8, 11]
[1, 26, 12]
[16, 17, 6]
[3, 8, 28]
[21, 8, 10]
[4, 8, 27]
[2, 6, 31]
[4, 7, 28]
[22, 7, 10]
[18, 6, 15]
[6, 24, 9]
[16, 11, 12]
[2, 24, 13]
[6, 23, 10]
[22, 8, 9]
[21, 7, 11]
[16, 3, 20]
[2, 26, 11]
[19, 9, 11]
[32, 3, 4]
[17, 8, 14]
[32, 1, 6]
[5, 9, 25]
[18, 7, 14]
[19, 8, 12]
[1, 33, 5]
[3, 10, 26]
[20, 5, 14]
[4, 21, 14]
[17, 7, 15]
[1, 8, 30]
[18, 8, 13]
[17, 10, 12]
[16, 3, 21]
[21, 9, 10]
[1, 8, 31]
[21, 8, 11]
[16, 17, 7]
[1, 27, 12]
[21, 7, 12]
[16, 11, 13]
[17, 8, 15]
[4, 9, 27]
[2, 25, 13]
[11, 14, 15]
[1, 11, 28]
[4, 7, 29]
[1, 18, 21]
[1, 24, 15]
[21, 6, 13]
[2, 26, 12]
[4, 25, 11]
[19, 6, 15]
[7, 24, 9]
[1, 19, 20]
[17, 11, 12]
[2, 7, 31]
[3, 25, 12]
[18, 10, 12]
[22, 7, 11]
[6, 7, 27]
[4, 6, 30]
[6, 9, 25]
[4, 23, 13]
[16, 4, 20]
[16, 19, 5]
[12, 13, 15]
[1, 2, 37]
[1, 10, 29]
[22, 8, 10]
[17, 2, 21]
[20, 6, 14]
[5, 21, 14]
[18, 9, 13]
[7, 8, 25]
[6, 23, 11]
[6, 22, 12]
[19, 10, 11]
[33, 3, 4]
[32, 3, 5]
[3, 6, 31]
[4, 5, 31]
[3, 7, 30]
[20, 7, 13]
[2, 23, 15]
[17, 18, 5]
[17, 10, 13]
[5, 24, 11]
[5, 23, 12]
[18, 8, 14]
[16, 10, 14]
[18, 7, 15]
[20, 5, 15]
[1, 9, 30]
[20, 8, 12]
[3, 9, 28]
[23, 8, 9]
[17, 9, 14]
[5, 22, 13]
[3, 22, 15]
[16, 18, 6]
[4, 24, 12]
[3, 24, 13]
[19, 9, 12]
[2, 3, 35]
[2, 9, 29]
[2, 18, 20]
[7, 23, 10]
[17, 3, 20]
[19, 8, 13]
[1, 26, 13]
[3, 26, 11]
[20, 9, 11]
[2, 8, 30]
[4, 10, 26]
[4, 8, 28]
[6, 8, 26]
[3, 10, 27]
[6, 24, 10]
[3, 8, 29]
[5, 9, 26]
[1, 25, 14]
[1, 33, 6]
[18, 3, 19]
[3, 23, 14]
[5, 6, 29]
[5, 8, 27]
[5, 25, 10]
[19, 7, 14]
[2, 24, 14]
[5, 21, 15]
[19, 9, 13]
[1, 11, 29]
[16, 4, 21]
[1, 19, 21]
[6, 22, 13]
[16, 11, 14]
[18, 11, 12]
[18, 10, 13]
[21, 9, 11]
[20, 7, 14]
[17, 19, 5]
[16, 20, 5]
[3, 9, 29]
[2, 26, 13]
[2, 10, 29]
[3, 24, 14]
[6, 25, 10]
[19, 10, 12]
[5, 24, 12]
[23, 8, 10]
[20, 8, 13]
[17, 18, 6]
[3, 8, 30]
[18, 3, 20]
[2, 19, 20]
[6, 7, 28]
[20, 6, 15]
[17, 2, 22]
[2, 18, 21]
[18, 9, 14]
[6, 9, 26]
[16, 12, 13]
[20, 10, 11]
[4, 9, 28]
[33, 2, 6]
[4, 6, 31]
[16, 19, 6]
[32, 1, 8]
[16, 2, 23]
[4, 23, 14]
[16, 17, 8]
[2, 8, 31]
[6, 23, 12]
[21, 7, 13]
[1, 9, 31]
[2, 11, 28]
[5, 9, 27]
[1, 26, 14]
[17, 3, 21]
[1, 33, 7]
[6, 24, 11]
[8, 24, 9]
[2, 9, 30]
[7, 9, 25]
[20, 9, 12]
[3, 11, 27]
[17, 10, 14]
[2, 34, 5]
[22, 8, 11]
[5, 10, 26]
[7, 8, 26]
[3, 23, 15]
[1, 18, 22]
[16, 18, 7]
[4, 25, 12]
[7, 24, 10]
[32, 4, 5]
[4, 26, 11]
[7, 23, 11]
[4, 24, 13]
[3, 7, 31]
[17, 4, 20]
[3, 10, 28]
[4, 10, 27]
[21, 6, 14]
[17, 9, 15]
[4, 8, 29]
[16, 10, 15]
[21, 8, 12]
[5, 25, 11]
[3, 26, 12]
[5, 7, 29]
[33, 3, 5]
[3, 25, 13]
[22, 7, 12]
[16, 3, 22]
[18, 8, 15]
[2, 25, 14]
[17, 11, 13]
[32, 3, 6]
[1, 17, 23]
[22, 9, 10]
[19, 8, 14]
[19, 7, 15]
[6, 8, 27]
[2, 27, 13]
[17, 4, 21]
[16, 18, 8]
[16, 5, 21]
[17, 20, 5]
[32, 4, 6]
[21, 7, 14]
[19, 8, 15]
[5, 10, 27]
[18, 19, 5]
[3, 24, 15]
[32, 2, 8]
[18, 9, 15]
[3, 9, 30]
[5, 8, 29]
[21, 10, 11]
[17, 12, 13]
[5, 6, 31]
[4, 11, 27]
[16, 12, 14]
[2, 19, 21]
[1, 27, 14]
[22, 9, 11]
[23, 8, 11]
[19, 10, 13]
[3, 25, 14]
[8, 24, 10]
[1, 10, 31]
[1, 20, 21]
[20, 9, 13]
[17, 19, 6]
[4, 7, 31]
[4, 23, 15]
[21, 6, 15]
[6, 23, 13]
[18, 3, 21]
[6, 10, 26]
[7, 24, 11]
[7, 8, 27]
[3, 26, 13]
[5, 26, 11]
[2, 26, 14]
[16, 20, 6]
[6, 22, 14]
[2, 9, 31]
[7, 23, 12]
[1, 4, 37]
[1, 18, 23]
[19, 11, 12]
[5, 24, 13]
[5, 25, 12]
[4, 8, 30]
[3, 19, 20]
[8, 9, 25]
[5, 7, 30]
[3, 8, 31]
[4, 26, 12]
[13, 14, 15]
[17, 10, 15]
[7, 25, 10]
[19, 9, 14]
[18, 11, 13]
[23, 9, 10]
[18, 10, 14]
[32, 3, 7]
[2, 11, 29]
[20, 8, 14]
[16, 19, 7]
[20, 10, 12]
[6, 9, 27]
[22, 8, 12]
[3, 10, 29]
[21, 8, 13]
[1, 26, 15]
[6, 25, 11]
[7, 9, 26]
[6, 7, 29]
[6, 24, 12]
[17, 11, 14]
[21, 9, 12]
[33, 3, 6]
[2, 10, 30]
[18, 4, 20]
[17, 2, 23]
[33, 2, 7]
[3, 11, 28]
[17, 3, 22]
[3, 27, 12]
[21, 8, 14]
[4, 24, 15]
[8, 25, 10]
[18, 12, 13]
[16, 19, 8]
[2, 18, 23]
[22, 8, 13]
[17, 5, 21]
[21, 7, 15]
[5, 9, 29]
[23, 8, 12]
[18, 20, 5]
[18, 3, 22]
[16, 18, 9]
[3, 11, 29]
[17, 19, 7]
[17, 18, 8]
[5, 24, 14]
[32, 3, 8]
[4, 10, 29]
[17, 20, 6]
[2, 27, 14]
[3, 27, 13]
[16, 13, 14]
[5, 8, 30]
[7, 9, 27]
[3, 9, 31]
[2, 20, 21]
[3, 10, 30]
[5, 7, 31]
[4, 11, 28]
[7, 24, 12]
[2, 10, 31]
[32, 1, 10]
[3, 26, 14]
[17, 3, 23]
[2, 4, 37]
[33, 3, 7]
[24, 9, 10]
[17, 2, 24]
[6, 23, 14]
[8, 9, 26]
[2, 12, 29]
[19, 4, 20]
[19, 9, 15]
[7, 25, 11]
[23, 9, 11]
[6, 7, 30]
[21, 9, 13]
[1, 18, 24]
[1, 12, 30]
[4, 8, 31]
[6, 10, 27]
[6, 26, 11]
[18, 4, 21]
[22, 10, 11]
[19, 10, 14]
[6, 8, 29]
[21, 10, 12]
[3, 25, 15]
[16, 5, 22]
[3, 19, 21]
[16, 17, 10]
[20, 11, 12]
[32, 5, 6]
[18, 11, 14]
[8, 24, 11]
[20, 10, 13]
[17, 12, 14]
[20, 9, 14]
[16, 21, 6]
[5, 24, 15]
[23, 8, 13]
[33, 5, 6]
[7, 25, 12]
[8, 25, 11]
[21, 9, 14]
[7, 26, 11]
[8, 10, 26]
[16, 21, 7]
[20, 10, 14]
[2, 19, 23]
[1, 20, 23]
[21, 8, 15]
[8, 24, 12]
[19, 20, 5]
[18, 3, 23]
[18, 5, 21]
[16, 20, 8]
[9, 25, 10]
[24, 9, 11]
[5, 10, 29]
[18, 12, 14]
[7, 8, 29]
[3, 27, 14]
[8, 9, 27]
[4, 27, 13]
[32, 2, 10]
[33, 3, 8]
[23, 10, 11]
[21, 11, 12]
[17, 21, 6]
[6, 8, 30]
[5, 25, 14]
[17, 19, 8]
[6, 24, 14]
[32, 4, 8]
[3, 10, 31]
[2, 18, 24]
[6, 11, 27]
[5, 26, 13]
[17, 20, 7]
[20, 9, 15]
[3, 11, 30]
[3, 20, 21]
[3, 26, 15]
[16, 19, 9]
[6, 7, 31]
[18, 20, 6]
[16, 18, 10]
[5, 8, 31]
[6, 23, 15]
[16, 6, 22]
[3, 12, 29]
[17, 3, 24]
[2, 34, 9]
[17, 13, 15]
[8, 26, 11]
[33, 5, 7]
[32, 5, 8]
[18, 13, 14]
[17, 19, 9]
[16, 21, 8]
[19, 12, 14]
[23, 10, 12]
[8, 25, 12]
[8, 10, 27]
[21, 11, 13]
[18, 20, 7]
[3, 20, 22]
[2, 20, 23]
[16, 17, 12]
[6, 10, 29]
[18, 3, 24]
[7, 23, 15]
[17, 20, 8]
[18, 21, 6]
[23, 8, 14]
[9, 25, 11]
[6, 27, 12]
[17, 5, 23]
[17, 21, 7]
[7, 8, 30]
[32, 3, 10]
[9, 10, 26]
[3, 11, 31]
[6, 8, 31]
[8, 9, 28]
[3, 12, 30]
[8, 24, 13]
[6, 26, 13]
[19, 20, 6]
[5, 9, 31]
[6, 11, 28]
[1, 17, 27]
[1, 21, 23]
[16, 18, 12]
[18, 20, 8]
[7, 27, 12]
[16, 20, 10]
[7, 8, 31]
[18, 21, 7]
[33, 6, 7]
[8, 24, 14]
[2, 21, 23]
[3, 21, 22]
[17, 20, 9]
[17, 6, 23]
[23, 8, 15]
[17, 21, 8]
[16, 22, 8]
[7, 25, 14]
[20, 5, 21]
[16, 21, 9]
[7, 10, 29]
[8, 26, 12]
[21, 11, 14]
[3, 20, 23]
[6, 9, 31]
[1, 38, 7]
[5, 10, 31]
[6, 26, 14]
[25, 10, 11]
[9, 10, 27]
[32, 4, 10]
[23, 11, 12]
[8, 25, 13]
[18, 6, 23]
[19, 21, 7]
[16, 19, 12]
[17, 18, 12]
[8, 25, 14]
[8, 26, 13]
[17, 21, 9]
[2, 37, 8]
[17, 7, 23]
[8, 27, 12]
[6, 10, 31]
[7, 11, 29]
[33, 6, 8]
[20, 21, 6]
[21, 12, 14]
[18, 21, 8]
[3, 20, 24]
[8, 10, 29]
[6, 27, 14]
[3, 21, 23]
[17, 20, 10]
[32, 5, 10]
[3, 20, 25]
[19, 21, 8]
[7, 12, 29]
[17, 23, 8]
[8, 26, 14]
[20, 6, 22]
[32, 3, 13]
[18, 22, 8]
[8, 9, 31]
[16, 18, 14]
[18, 21, 9]
[8, 10, 31]
[19, 21, 9]
[20, 21, 8]
[18, 5, 26]
[16, 21, 12]
[20, 6, 23]
[17, 21, 12]
[3, 20, 27]
[32, 8, 10]
[20, 23, 8]
[20, 23, 9]
[21, 23, 8]
[1, 2, 3, 4]
[1, 2, 3, 5]
[1, 2, 4, 5]
[1, 2, 3, 6]
[1, 2, 3, 7]
[1, 2, 4, 6]
[1, 3, 4, 5]
[1, 2, 5, 6]
[1, 2, 3, 8]
[2, 3, 4, 5]
[1, 2, 4, 7]
[1, 3, 4, 6]
[1, 2, 3, 9]
[1, 2, 5, 7]
[1, 2, 4, 8]
[1, 3, 5, 6]
[2, 3, 4, 6]
[1, 3, 4, 7]
[1, 2, 6, 7]
[2, 3, 4, 7]
[1, 4, 5, 6]
[1, 3, 5, 7]
[1, 2, 3, 10]
[1, 2, 4, 9]
[1, 3, 4, 8]
[2, 3, 5, 6]
[1, 2, 5, 8]
[1, 3, 6, 7]
[2, 3, 5, 7]
[2, 4, 5, 6]
[1, 3, 4, 9]
[2, 3, 4, 8]
[1, 2, 4, 10]
[1, 3, 5, 8]
[1, 2, 5, 9]
[1, 2, 3, 11]
[1, 4, 5, 7]
[1, 2, 6, 8]
[2, 3, 4, 9]
[1, 2, 4, 11]
[1, 2, 7, 8]
[1, 2, 5, 10]
[1, 4, 6, 7]
[2, 4, 5, 7]
[1, 3, 6, 8]
[2, 3, 5, 8]
[1, 3, 4, 10]
[1, 2, 6, 9]
[1, 3, 5, 9]
[2, 3, 6, 7]
[1, 2, 3, 12]
[3, 4, 5, 6]
[1, 4, 5, 8]
[2, 3, 5, 9]
[1, 2, 5, 11]
[1, 2, 4, 12]
[1, 2, 7, 9]
[3, 4, 5, 7]
[1, 3, 4, 11]
[1, 3, 7, 8]
[2, 3, 6, 8]
[1, 2, 6, 10]
[1, 5, 6, 7]
[1, 4, 5, 9]
[2, 4, 5, 8]
[1, 3, 5, 10]
[2, 3, 4, 10]
[2, 4, 6, 7]
[1, 3, 6, 9]
[1, 4, 6, 8]
[1, 2, 3, 13]
[2, 3, 5, 10]
[2, 3, 7, 8]
[1, 3, 7, 9]
[1, 4, 6, 9]
[1, 2, 4, 13]
[1, 3, 6, 10]
[1, 2, 8, 9]
[1, 2, 5, 12]
[3, 4, 6, 7]
[1, 3, 5, 11]
[1, 2, 3, 14]
[1, 2, 7, 10]
[1, 3, 4, 12]
[1, 4, 5, 10]
[2, 4, 6, 8]
[2, 5, 6, 7]
[2, 3, 6, 9]
[2, 4, 5, 9]
[1, 4, 7, 8]
[1, 5, 6, 8]
[3, 4, 5, 8]
[1, 2, 6, 11]
[2, 3, 4, 11]
[2, 4, 6, 9]
[2, 5, 6, 8]
[1, 2, 7, 11]
[2, 3, 4, 12]
[2, 3, 6, 10]
[1, 4, 7, 9]
[1, 2, 3, 15]
[1, 2, 8, 10]
[3, 4, 6, 8]
[3, 5, 6, 7]
[1, 4, 5, 11]
[1, 3, 5, 12]
[1, 5, 7, 8]
[2, 3, 5, 11]
[2, 4, 5, 10]
[3, 4, 5, 9]
[1, 2, 6, 12]
[1, 2, 4, 14]
[1, 3, 6, 11]
[2, 3, 7, 9]
[1, 3, 4, 13]
[1, 4, 6, 10]
[1, 3, 8, 9]
[2, 4, 7, 8]
[1, 3, 7, 10]
[1, 2, 5, 13]
[1, 5, 6, 9]
[3, 4, 6, 9]
[1, 3, 5, 13]
[1, 3, 7, 11]
[1, 4, 6, 11]
[1, 2, 4, 15]
[1, 2, 9, 10]
[3, 4, 7, 8]
[1, 4, 5, 12]
[3, 5, 6, 8]
[2, 4, 6, 10]
[2, 4, 7, 9]
[1, 2, 7, 12]
[2, 3, 5, 12]
[2, 5, 7, 8]
[1, 3, 6, 12]
[16, 1, 2, 3]
[2, 3, 6, 11]
[2, 5, 6, 9]
[1, 3, 4, 14]
[1, 5, 6, 10]
[2, 3, 8, 9]
[3, 4, 5, 10]
[2, 3, 7, 10]
[2, 4, 5, 11]
[1, 2, 5, 14]
[1, 2, 6, 13]
[1, 2, 8, 11]
[1, 4, 8, 9]
[2, 3, 4, 13]
[1, 4, 7, 10]
[1, 3, 8, 10]
[1, 5, 7, 9]
[4, 5, 6, 7]
[1, 6, 7, 8]
[2, 3, 6, 12]
[1, 2, 9, 11]
[2, 4, 7, 10]
[2, 3, 5, 13]
[2, 5, 7, 9]
[2, 6, 7, 8]
[3, 4, 7, 9]
[1, 3, 6, 13]
[1, 3, 4, 15]
[1, 3, 9, 10]
[2, 5, 6, 10]
[2, 4, 8, 9]
[3, 4, 6, 10]
[1, 3, 8, 11]
[1, 6, 7, 9]
[2, 3, 4, 14]
[1, 17, 2, 3]
[1, 2, 6, 14]
[1, 3, 5, 14]
[2, 3, 8, 10]
[1, 2, 5, 15]
[1, 4, 8, 10]
[3, 5, 6, 9]
[3, 5, 7, 8]
[16, 1, 2, 4]
[2, 4, 6, 11]
[1, 4, 5, 13]
[1, 2, 7, 13]
[1, 4, 7, 11]
[2, 4, 5, 12]
[1, 5, 8, 9]
[1, 4, 6, 12]
[1, 5, 6, 11]
[2, 3, 7, 11]
[1, 5, 7, 10]
[1, 2, 8, 12]
[1, 3, 7, 12]
[4, 5, 6, 8]
[3, 4, 5, 11]
[2, 4, 6, 12]
[1, 4, 7, 12]
[1, 5, 7, 11]
[1, 2, 10, 11]
[1, 5, 6, 12]
[3, 4, 5, 12]
[3, 6, 7, 8]
[3, 4, 8, 9]
[3, 5, 6, 10]
[4, 5, 7, 8]
[1, 3, 5, 15]
[3, 4, 6, 11]
[1, 2, 18, 3]
[2, 6, 7, 9]
[3, 4, 7, 10]
[1, 3, 9, 11]
[2, 3, 8, 11]
[16, 1, 2, 5]
[1, 2, 8, 13]
[1, 3, 6, 14]
[2, 5, 8, 9]
[1, 6, 8, 9]
[2, 3, 4, 15]
[1, 2, 7, 14]
[2, 5, 6, 11]
[1, 3, 7, 13]
[2, 3, 7, 12]
[16, 1, 3, 4]
[1, 4, 6, 13]
[3, 5, 7, 9]
[1, 4, 8, 11]
[2, 4, 7, 11]
[1, 2, 9, 12]
[1, 17, 2, 4]
[2, 4, 5, 13]
[1, 3, 8, 12]
[4, 5, 6, 9]
[1, 2, 6, 15]
[1, 5, 8, 10]
[2, 3, 9, 10]
[2, 5, 7, 10]
[2, 3, 5, 14]
[2, 4, 8, 10]
[1, 4, 9, 10]
[1, 4, 5, 14]
[1, 6, 7, 10]
[2, 3, 6, 13]
[1, 5, 8, 11]
[16, 1, 2, 6]
[1, 4, 5, 15]
[2, 3, 9, 11]
[1, 2, 7, 15]
[1, 5, 6, 13]
[3, 5, 6, 11]
[3, 4, 8, 10]
[4, 6, 7, 8]
[2, 4, 9, 10]
[2, 4, 7, 12]
[16, 2, 3, 4]
[2, 3, 7, 13]
[2, 4, 5, 14]
[1, 4, 7, 13]
[1, 4, 9, 11]
[1, 6, 7, 11]
[1, 2, 10, 12]
[2, 3, 8, 12]
[1, 17, 2, 5]
[3, 4, 6, 12]
[3, 6, 7, 9]
[4, 5, 7, 9]
[1, 3, 6, 15]
[1, 2, 18, 4]
[2, 6, 8, 9]
[2, 6, 7, 10]
[1, 3, 9, 12]
[1, 3, 10, 11]
[1, 2, 3, 19]
[3, 4, 5, 13]
[2, 5, 8, 10]
[4, 5, 6, 10]
[2, 4, 6, 13]
[1, 17, 3, 4]
[1, 5, 7, 12]
[1, 2, 9, 13]
[1, 2, 8, 14]
[3, 5, 8, 9]
[2, 3, 6, 14]
[1, 4, 6, 14]
[1, 3, 8, 13]
[1, 5, 9, 10]
[1, 6, 8, 10]
[2, 3, 5, 15]
[2, 4, 8, 11]
[1, 7, 8, 9]
[2, 5, 7, 11]
[1, 4, 8, 12]
[3, 4, 7, 11]
[16, 1, 3, 5]
[1, 3, 7, 14]
[3, 5, 7, 10]
[2, 5, 6, 12]
[1, 4, 10, 11]
[2, 3, 7, 14]
[1, 3, 9, 13]
[2, 4, 6, 14]
[1, 6, 7, 12]
[1, 17, 3, 5]
[3, 4, 5, 14]
[1, 5, 7, 13]
[16, 2, 3, 5]
[1, 4, 6, 15]
[1, 2, 10, 13]
[2, 4, 7, 13]
[2, 4, 5, 15]
[1, 2, 19, 4]
[1, 2, 8, 15]
[2, 7, 8, 9]
[3, 4, 7, 12]
[1, 4, 8, 13]
[2, 6, 7, 11]
[1, 3, 10, 12]
[4, 6, 7, 9]
[1, 2, 18, 5]
[3, 5, 7, 11]
[4, 5, 7, 10]
[1, 5, 8, 12]
[1, 5, 9, 11]
[3, 5, 6, 12]
[1, 6, 8, 11]
[2, 6, 8, 10]
[1, 4, 7, 14]
[5, 6, 7, 8]
[2, 4, 9, 11]
[3, 5, 8, 10]
[2, 5, 6, 13]
[4, 5, 8, 9]
[1, 3, 8, 14]
[3, 4, 6, 13]
[2, 3, 8, 13]
[16, 1, 2, 7]
[1, 2, 11, 12]
[1, 18, 3, 4]
[1, 2, 3, 20]
[3, 4, 8, 11]
[1, 4, 9, 12]
[2, 4, 8, 12]
[1, 2, 9, 14]
[2, 3, 10, 11]
[16, 1, 4, 5]
[2, 5, 8, 11]
[2, 3, 6, 15]
[2, 5, 9, 10]
[2, 5, 7, 12]
[4, 5, 6, 11]
[3, 4, 9, 10]
[17, 2, 3, 4]
[16, 1, 3, 6]
[1, 5, 6, 14]
[1, 6, 9, 10]
[3, 6, 8, 9]
[3, 6, 7, 10]
[1, 17, 2, 6]
[1, 3, 7, 15]
[2, 3, 9, 12]
[1, 7, 8, 10]
[16, 2, 3, 6]
[3, 4, 5, 15]
[1, 6, 7, 13]
[16, 1, 2, 8]
[2, 4, 6, 15]
[1, 3, 8, 15]
[16, 1, 3, 7]
[17, 2, 3, 5]
[2, 4, 7, 14]
[2, 6, 9, 10]
[1, 3, 19, 4]
[1, 17, 3, 6]
[3, 4, 8, 12]
[2, 3, 10, 12]
[1, 17, 2, 7]
[3, 4, 6, 14]
[1, 5, 9, 12]
[1, 2, 10, 14]
[2, 5, 8, 12]
[1, 7, 8, 11]
[1, 4, 8, 14]
[1, 5, 8, 13]
[4, 6, 7, 10]
[16, 1, 4, 6]
[4, 5, 7, 11]
[3, 5, 9, 10]
[2, 6, 8, 11]
[1, 7, 9, 10]
[2, 5, 7, 13]
[1, 6, 8, 12]
[3, 6, 7, 11]
[1, 2, 3, 21]
[1, 4, 10, 12]
[1, 2, 9, 15]
[1, 3, 9, 14]
[4, 6, 8, 9]
[2, 4, 9, 12]
[3, 5, 7, 12]
[3, 4, 7, 13]
[2, 7, 8, 10]
[1, 18, 3, 5]
[4, 5, 8, 10]
[16, 2, 4, 5]
[1, 5, 10, 11]
[2, 18, 3, 4]
[1, 2, 11, 13]
[2, 6, 7, 12]
[1, 3, 10, 13]
[2, 5, 9, 11]
[3, 6, 8, 10]
[5, 6, 7, 9]
[1, 6, 9, 11]
[1, 3, 11, 12]
[1, 4, 7, 15]
[1, 2, 4, 20]
[3, 5, 8, 11]
[1, 4, 9, 13]
[1, 2, 19, 5]
[2, 3, 8, 14]
[2, 5, 6, 14]
[2, 4, 10, 11]
[3, 5, 6, 13]
[1, 2, 18, 6]
[1, 5, 6, 15]
[3, 4, 9, 11]
[2, 4, 8, 13]
[1, 5, 7, 14]
[4, 5, 6, 12]
[2, 3, 7, 15]
[1, 17, 4, 5]
[2, 3, 9, 13]
[3, 7, 8, 9]
[1, 17, 2, 8]
[1, 6, 7, 14]
[3, 7, 8, 10]
[4, 7, 8, 9]
[1, 3, 9, 15]
[2, 4, 10, 12]
[2, 5, 9, 12]
[5, 6, 7, 10]
[1, 4, 8, 15]
[1, 3, 19, 5]
[1, 17, 3, 7]
[2, 6, 7, 13]
[3, 5, 7, 13]
[3, 4, 9, 12]
[1, 6, 9, 12]
[3, 6, 7, 12]
[1, 18, 4, 5]
[16, 2, 4, 6]
[1, 4, 9, 14]
[1, 2, 12, 13]
[3, 6, 9, 10]
[1, 2, 20, 5]
[1, 5, 8, 14]
[2, 5, 6, 15]
[2, 3, 10, 13]
[2, 6, 9, 11]
[1, 4, 10, 13]
[2, 7, 9, 10]
[2, 5, 8, 13]
[1, 6, 10, 11]
[17, 2, 3, 6]
[3, 5, 8, 12]
[3, 5, 6, 14]
[3, 4, 8, 13]
[17, 2, 4, 5]
[2, 3, 8, 15]
[1, 4, 11, 12]
[1, 2, 4, 21]
[2, 6, 8, 12]
[3, 4, 6, 15]
[1, 3, 10, 14]
[1, 6, 8, 13]
[16, 1, 2, 9]
[4, 5, 6, 13]
[16, 1, 3, 8]
[2, 5, 10, 11]
[2, 3, 19, 4]
[1, 17, 4, 6]
[1, 5, 9, 13]
[1, 18, 3, 6]
[16, 3, 4, 5]
[1, 3, 4, 20]
[1, 8, 9, 10]
[16, 1, 4, 7]
[2, 4, 8, 14]
[1, 2, 19, 6]
[2, 3, 11, 12]
[3, 5, 9, 11]
[4, 5, 8, 11]
[2, 3, 9, 14]
[1, 7, 8, 12]
[3, 4, 10, 11]
[1, 2, 11, 14]
[2, 4, 9, 13]
[3, 6, 8, 11]
[2, 4, 7, 15]
[1, 5, 10, 12]
[4, 5, 9, 10]
[4, 6, 7, 11]
[5, 6, 8, 9]
[2, 5, 7, 14]
[1, 3, 11, 13]
[3, 4, 7, 14]
[2, 7, 8, 11]
[4, 5, 7, 12]
[2, 18, 3, 5]
[1, 5, 7, 15]
[1, 7, 9, 11]
[4, 6, 8, 10]
[1, 2, 18, 7]
[16, 2, 3, 7]
[16, 1, 5, 6]
[2, 18, 3, 6]
[3, 7, 8, 11]
[3, 4, 8, 14]
[1, 18, 3, 7]
[1, 19, 4, 5]
[4, 6, 7, 12]
[3, 4, 9, 13]
[1, 2, 20, 6]
[3, 7, 9, 10]
[1, 3, 11, 14]
[4, 5, 9, 11]
[2, 3, 11, 13]
[1, 5, 8, 15]
[1, 7, 9, 12]
[4, 6, 9, 10]
[4, 5, 8, 12]
[2, 6, 10, 11]
[1, 5, 11, 12]
[16, 1, 3, 9]
[1, 2, 19, 7]
[3, 4, 7, 15]
[2, 6, 7, 14]
[5, 6, 7, 11]
[1, 4, 11, 13]
[4, 6, 8, 11]
[2, 4, 10, 13]
[16, 2, 4, 7]
[2, 6, 8, 13]
[1, 3, 4, 21]
[1, 6, 9, 13]
[1, 17, 3, 8]
[2, 5, 8, 14]
[1, 2, 3, 23]
[1, 17, 4, 7]
[1, 8, 9, 11]
[5, 6, 8, 10]
[2, 5, 10, 12]
[1, 7, 10, 11]
[3, 5, 9, 12]
[2, 4, 11, 12]
[2, 7, 8, 12]
[2, 3, 4, 20]
[1, 7, 8, 13]
[1, 6, 10, 12]
[16, 1, 5, 7]
[3, 4, 10, 12]
[2, 3, 19, 5]
[1, 5, 9, 14]
[3, 5, 7, 14]
[2, 18, 4, 5]
[2, 8, 9, 10]
[17, 2, 3, 7]
[17, 3, 4, 5]
[1, 18, 4, 6]
[2, 3, 10, 14]
[1, 6, 7, 15]
[2, 5, 9, 13]
[4, 7, 8, 10]
[3, 6, 8, 12]
[4, 5, 7, 13]
[3, 5, 6, 15]
[2, 4, 9, 14]
[2, 7, 9, 11]
[4, 5, 6, 14]
[16, 3, 4, 6]
[1, 4, 9, 15]
[1, 17, 5, 6]
[1, 4, 10, 14]
[16, 2, 3, 8]
[16, 1, 4, 8]
[3, 6, 9, 11]
[17, 2, 4, 6]
[2, 3, 9, 15]
[1, 3, 10, 15]
[2, 5, 7, 15]
[1, 2, 5, 21]
[1, 3, 20, 5]
[16, 2, 5, 6]
[3, 5, 8, 13]
[1, 6, 8, 14]
[1, 3, 19, 6]
[1, 5, 10, 13]
[3, 5, 10, 11]
[1, 3, 12, 13]
[2, 6, 9, 12]
[16, 1, 2, 10]
[3, 6, 7, 13]
[1, 2, 12, 14]
[1, 2, 18, 8]
[1, 17, 2, 9]
[5, 7, 8, 9]
[3, 5, 8, 14]
[1, 6, 9, 14]
[1, 3, 11, 15]
[1, 18, 3, 8]
[3, 8, 9, 10]
[2, 7, 8, 13]
[2, 3, 11, 14]
[17, 2, 4, 7]
[2, 8, 9, 11]
[1, 4, 11, 14]
[18, 3, 4, 5]
[1, 18, 5, 6]
[2, 3, 12, 13]
[5, 6, 9, 10]
[16, 2, 4, 8]
[1, 5, 9, 15]
[4, 6, 7, 13]
[17, 2, 5, 6]
[3, 6, 8, 13]
[2, 18, 3, 7]
[3, 7, 9, 11]
[2, 5, 10, 13]
[2, 7, 10, 11]
[1, 17, 4, 8]
[2, 3, 19, 6]
[2, 4, 10, 14]
[4, 6, 9, 11]
[1, 2, 4, 23]
[1, 2, 20, 7]
[1, 5, 10, 14]
[1, 3, 5, 21]
[2, 19, 4, 5]
[2, 5, 9, 14]
[1, 7, 10, 12]
[2, 6, 8, 14]
[2, 4, 11, 13]
[5, 7, 8, 10]
[3, 6, 10, 11]
[1, 4, 10, 15]
[2, 3, 10, 15]
[3, 5, 10, 12]
[1, 2, 19, 8]
[3, 5, 7, 15]
[4, 7, 8, 11]
[4, 5, 9, 12]
[1, 2, 18, 9]
[1, 3, 20, 6]
[4, 5, 8, 13]
[3, 4, 9, 14]
[3, 5, 9, 13]
[17, 3, 4, 6]
[5, 6, 7, 12]
[4, 5, 7, 14]
[17, 2, 3, 8]
[3, 4, 11, 12]
[2, 7, 9, 12]
[16, 1, 6, 7]
[4, 7, 9, 10]
[1, 17, 3, 9]
[1, 7, 9, 13]
[16, 3, 5, 6]
[1, 6, 11, 12]
[1, 2, 3, 24]
[16, 3, 4, 7]
[1, 6, 10, 13]
[16, 2, 3, 9]
[5, 6, 8, 11]
[16, 1, 3, 10]
[2, 5, 8, 15]
[1, 18, 4, 7]
[1, 17, 2, 10]
[1, 7, 8, 14]
[1, 4, 20, 5]
[3, 6, 7, 14]
[16, 1, 2, 11]
[2, 6, 9, 13]
[2, 3, 4, 21]
[1, 2, 13, 14]
[1, 6, 8, 15]
[4, 6, 8, 12]
[1, 8, 9, 12]
[1, 5, 11, 13]
[3, 4, 10, 13]
[1, 3, 12, 14]
[3, 7, 8, 12]
[2, 6, 10, 12]
[3, 6, 9, 12]
[2, 3, 20, 5]
[16, 1, 5, 8]
[16, 2, 5, 7]
[4, 5, 6, 15]
[1, 3, 19, 7]
[1, 17, 5, 7]
[6, 7, 8, 9]
[4, 5, 10, 11]
[2, 5, 11, 12]
[1, 8, 10, 11]
[3, 4, 8, 15]
[1, 2, 18, 10]
[1, 17, 3, 10]
[1, 17, 6, 7]
[1, 9, 10, 11]
[1, 5, 10, 15]
[3, 6, 8, 14]
[2, 4, 11, 14]
[2, 6, 9, 14]
[1, 17, 4, 9]
[1, 5, 12, 13]
[2, 5, 10, 14]
[3, 6, 10, 12]
[17, 2, 3, 9]
[16, 2, 5, 8]
[1, 3, 4, 23]
[1, 3, 12, 15]
[16, 2, 6, 7]
[17, 3, 5, 6]
[1, 3, 21, 6]
[1, 17, 5, 8]
[1, 18, 3, 9]
[1, 3, 20, 7]
[1, 6, 9, 15]
[16, 1, 3, 11]
[4, 8, 9, 10]
[4, 7, 8, 12]
[17, 3, 4, 7]
[2, 19, 4, 6]
[2, 6, 11, 12]
[4, 5, 10, 12]
[3, 5, 8, 15]
[18, 3, 4, 6]
[16, 2, 4, 9]
[3, 6, 9, 13]
[2, 3, 12, 14]
[3, 19, 4, 5]
[1, 6, 10, 14]
[1, 18, 4, 8]
[1, 4, 20, 6]
[16, 3, 4, 8]
[2, 18, 3, 8]
[1, 8, 10, 12]
[17, 2, 5, 7]
[2, 8, 10, 11]
[16, 2, 3, 10]
[3, 7, 10, 11]
[16, 3, 5, 7]
[2, 8, 9, 12]
[3, 6, 7, 15]
[3, 7, 9, 12]
[2, 3, 19, 7]
[3, 4, 11, 13]
[16, 1, 6, 8]
[17, 2, 4, 8]
[4, 6, 8, 13]
[1, 8, 9, 13]
[2, 7, 10, 12]
[2, 3, 20, 6]
[5, 6, 8, 12]
[1, 7, 10, 13]
[4, 5, 7, 15]
[5, 7, 9, 10]
[2, 18, 5, 6]
[1, 7, 11, 12]
[2, 4, 20, 5]
[1, 7, 9, 14]
[2, 6, 10, 13]
[1, 2, 4, 24]
[1, 2, 20, 8]
[3, 4, 9, 15]
[3, 5, 10, 13]
[4, 5, 8, 14]
[4, 7, 9, 11]
[1, 3, 19, 8]
[1, 5, 11, 14]
[3, 4, 10, 14]
[6, 7, 8, 10]
[2, 3, 5, 21]
[16, 1, 2, 12]
[2, 7, 9, 13]
[1, 2, 19, 9]
[1, 18, 5, 7]
[3, 8, 9, 11]
[2, 5, 11, 13]
[5, 7, 8, 11]
[3, 5, 9, 14]
[1, 3, 13, 14]
[5, 6, 7, 13]
[1, 4, 5, 21]
[2, 6, 8, 15]
[2, 4, 12, 13]
[1, 4, 11, 15]
[4, 6, 9, 12]
[3, 7, 8, 13]
[2, 3, 11, 15]
[4, 6, 7, 14]
[1, 6, 11, 13]
[1, 2, 21, 7]
[1, 7, 8, 15]
[3, 5, 11, 12]
[4, 6, 10, 11]
[5, 6, 9, 11]
[2, 7, 8, 14]
[2, 5, 12, 13]
[2, 5, 11, 14]
[2, 18, 3, 9]
[1, 5, 11, 15]
[4, 8, 9, 11]
[1, 2, 5, 24]
[1, 17, 5, 9]
[2, 19, 4, 7]
[3, 8, 10, 11]
[4, 7, 8, 13]
[5, 6, 9, 12]
[5, 7, 8, 12]
[1, 3, 19, 9]
[2, 3, 4, 23]
[16, 3, 5, 8]
[2, 4, 20, 6]
[17, 3, 5, 7]
[1, 5, 12, 14]
[16, 3, 6, 7]
[2, 4, 5, 21]
[2, 3, 13, 14]
[1, 9, 10, 12]
[3, 7, 10, 12]
[4, 7, 10, 11]
[2, 3, 20, 7]
[17, 2, 6, 7]
[5, 7, 9, 11]
[1, 3, 5, 23]
[3, 6, 10, 13]
[2, 8, 10, 12]
[5, 8, 9, 10]
[1, 2, 6, 23]
[18, 3, 4, 7]
[1, 2, 19, 10]
[1, 7, 10, 14]
[1, 17, 3, 11]
[2, 7, 8, 15]
[4, 6, 10, 12]
[1, 2, 20, 9]
[4, 5, 8, 15]
[3, 4, 10, 15]
[1, 7, 11, 13]
[1, 8, 9, 14]
[2, 6, 11, 13]
[3, 5, 10, 14]
[1, 20, 5, 6]
[1, 3, 4, 24]
[2, 18, 5, 7]
[3, 5, 11, 13]
[2, 3, 21, 6]
[3, 8, 9, 12]
[3, 5, 9, 15]
[6, 7, 9, 10]
[5, 6, 8, 13]
[17, 2, 3, 10]
[1, 17, 2, 12]
[1, 2, 21, 8]
[4, 5, 10, 13]
[6, 7, 8, 11]
[2, 3, 19, 8]
[3, 4, 20, 5]
[1, 18, 6, 7]
[1, 3, 20, 8]
[1, 2, 3, 26]
[1, 6, 12, 13]
[16, 4, 5, 7]
[1, 7, 9, 15]
[3, 7, 8, 14]
[17, 4, 5, 6]
[2, 7, 11, 12]
[16, 1, 2, 13]
[17, 2, 5, 8]
[4, 6, 7, 15]
[1, 8, 11, 12]
[2, 9, 10, 11]
[17, 3, 4, 8]
[1, 17, 4, 10]
[1, 17, 6, 8]
[4, 7, 9, 12]
[16, 1, 7, 8]
[1, 6, 10, 15]
[16, 1, 5, 10]
[3, 6, 9, 14]
[1, 4, 20, 7]
[4, 5, 11, 12]
[17, 2, 4, 9]
[1, 6, 11, 14]
[1, 3, 21, 7]
[2, 7, 10, 13]
[16, 2, 3, 11]
[16, 2, 5, 9]
[3, 6, 8, 15]
[18, 3, 5, 6]
[16, 2, 6, 8]
[16, 1, 6, 9]
[5, 6, 7, 14]
[16, 1, 3, 12]
[3, 6, 11, 12]
[2, 7, 9, 14]
[2, 8, 9, 13]
[1, 18, 5, 8]
[2, 6, 10, 14]
[1, 8, 10, 13]
[4, 6, 8, 14]
[1, 18, 3, 10]
[3, 5, 10, 15]
[3, 6, 11, 13]
[3, 7, 9, 14]
[3, 4, 20, 6]
[3, 19, 4, 7]
[4, 6, 9, 14]
[2, 8, 10, 13]
[2, 3, 19, 9]
[17, 3, 5, 8]
[1, 18, 4, 10]
[5, 8, 9, 11]
[5, 7, 10, 11]
[5, 6, 9, 13]
[1, 3, 5, 24]
[1, 18, 6, 8]
[1, 2, 18, 12]
[5, 6, 8, 14]
[4, 6, 11, 12]
[2, 6, 11, 14]
[1, 18, 5, 9]
[2, 19, 5, 7]
[5, 7, 9, 12]
[6, 8, 9, 10]
[1, 17, 6, 9]
[18, 3, 5, 7]
[4, 7, 10, 12]
[1, 4, 21, 7]
[2, 6, 12, 13]
[2, 3, 21, 7]
[2, 3, 20, 8]
[1, 3, 6, 23]
[3, 9, 10, 11]
[1, 3, 21, 8]
[16, 1, 6, 10]
[3, 6, 10, 14]
[2, 19, 4, 8]
[4, 6, 10, 13]
[16, 2, 3, 12]
[16, 4, 5, 8]
[18, 3, 4, 8]
[1, 18, 3, 11]
[16, 3, 6, 8]
[1, 7, 12, 13]
[2, 20, 5, 6]
[2, 9, 10, 12]
[16, 1, 7, 9]
[2, 18, 5, 8]
[2, 7, 10, 14]
[2, 5, 12, 14]
[1, 5, 12, 15]
[3, 8, 10, 12]
[1, 3, 20, 9]
[2, 8, 11, 12]
[16, 2, 5, 10]
[2, 8, 9, 14]
[3, 7, 11, 12]
[2, 4, 20, 7]
[16, 1, 2, 14]
[1, 17, 3, 12]
[1, 8, 10, 14]
[3, 8, 9, 13]
[3, 7, 8, 15]
[1, 2, 7, 23]
[1, 9, 11, 12]
[1, 17, 7, 8]
[1, 17, 2, 13]
[5, 7, 8, 13]
[1, 4, 20, 8]
[5, 6, 10, 12]
[1, 8, 11, 13]
[1, 6, 11, 15]
[2, 3, 4, 24]
[2, 3, 13, 15]
[4, 8, 10, 11]
[3, 5, 11, 14]
[17, 3, 6, 7]
[6, 7, 8, 12]
[16, 2, 6, 9]
[16, 2, 7, 8]
[4, 7, 8, 14]
[1, 5, 21, 6]
[1, 20, 5, 7]
[16, 3, 5, 9]
[17, 2, 5, 9]
[3, 7, 10, 13]
[1, 9, 10, 13]
[1, 7, 11, 14]
[1, 6, 12, 14]
[17, 2, 3, 11]
[17, 2, 4, 10]
[2, 18, 3, 10]
[17, 2, 6, 8]
[1, 17, 5, 10]
[6, 7, 9, 11]
[16, 2, 7, 9]
[17, 4, 5, 8]
[2, 8, 10, 14]
[2, 18, 5, 9]
[1, 3, 7, 23]
[1, 6, 12, 15]
[2, 19, 4, 9]
[5, 8, 10, 11]
[5, 6, 8, 15]
[17, 2, 7, 8]
[4, 9, 10, 11]
[5, 7, 8, 14]
[1, 7, 11, 15]
[3, 6, 11, 14]
[2, 5, 21, 6]
[1, 9, 11, 13]
[2, 3, 5, 24]
[17, 3, 6, 8]
[16, 1, 7, 10]
[2, 9, 10, 13]
[1, 10, 11, 12]
[2, 3, 19, 10]
[5, 8, 9, 12]
[16, 3, 5, 10]
[2, 3, 6, 23]
[2, 6, 12, 14]
[2, 4, 21, 7]
[2, 19, 5, 8]
[4, 7, 11, 12]
[1, 4, 6, 23]
[3, 7, 9, 15]
[1, 20, 5, 8]
[3, 9, 10, 12]
[6, 8, 9, 11]
[1, 17, 7, 9]
[1, 18, 3, 12]
[1, 2, 23, 8]
[2, 3, 20, 9]
[4, 6, 11, 13]
[4, 7, 10, 13]
[3, 19, 4, 8]
[5, 6, 9, 14]
[3, 8, 10, 13]
[6, 7, 8, 13]
[3, 7, 10, 14]
[2, 7, 12, 13]
[1, 6, 13, 14]
[6, 7, 9, 12]
[2, 3, 21, 8]
[1, 17, 6, 10]
[2, 8, 11, 13]
[17, 2, 6, 9]
[16, 1, 3, 14]
[3, 8, 9, 14]
[18, 3, 5, 8]
[3, 5, 12, 14]
[1, 18, 6, 9]
[16, 1, 6, 11]
[17, 2, 4, 11]
[4, 7, 8, 15]
[3, 4, 20, 7]
[1, 18, 5, 10]
[4, 8, 9, 13]
[1, 5, 13, 15]
[1, 3, 21, 9]
[3, 8, 11, 12]
[3, 6, 12, 13]
[5, 7, 10, 12]
[1, 20, 6, 7]
[17, 2, 5, 10]
[16, 5, 6, 7]
[4, 8, 10, 12]
[1, 9, 10, 14]
[2, 4, 20, 8]
[4, 7, 9, 14]
[1, 7, 12, 14]
[7, 8, 9, 10]
[16, 3, 7, 8]
[1, 19, 6, 8]
[4, 6, 10, 14]
[1, 8, 12, 13]
[5, 6, 11, 12]
[2, 19, 6, 7]
[1, 3, 20, 10]
[18, 3, 6, 7]
[17, 2, 3, 12]
[3, 20, 5, 6]
[16, 3, 6, 9]
[2, 7, 11, 14]
[1, 8, 11, 14]
[3, 19, 5, 7]
[16, 1, 5, 12]
[6, 8, 9, 12]
[2, 3, 20, 10]
[2, 5, 21, 7]
[3, 7, 11, 14]
[1, 5, 21, 8]
[2, 19, 5, 9]
[2, 3, 21, 9]
[3, 19, 6, 7]
[1, 2, 3, 29]
[1, 3, 23, 8]
[5, 7, 10, 13]
[17, 3, 5, 10]
[2, 10, 11, 12]
[5, 7, 11, 12]
[5, 6, 10, 14]
[1, 7, 13, 14]
[17, 2, 7, 9]
[16, 1, 8, 10]
[1, 21, 6, 7]
[3, 9, 11, 12]
[2, 18, 5, 10]
[1, 9, 11, 14]
[17, 5, 6, 7]
[1, 20, 6, 8]
[2, 8, 12, 13]
[3, 6, 12, 14]
[2, 3, 6, 24]
[17, 3, 6, 9]
[3, 19, 5, 8]
[17, 2, 6, 10]
[2, 3, 7, 23]
[5, 8, 10, 12]
[2, 20, 5, 8]
[6, 7, 9, 13]
[16, 2, 7, 10]
[7, 8, 9, 11]
[1, 17, 3, 14]
[18, 3, 5, 9]
[1, 4, 7, 23]
[4, 6, 11, 14]
[5, 7, 8, 15]
[3, 8, 11, 13]
[4, 8, 10, 13]
[1, 19, 6, 9]
[1, 18, 6, 10]
[16, 2, 8, 9]
[3, 4, 20, 8]
[16, 5, 6, 8]
[2, 8, 11, 14]
[6, 7, 10, 12]
[16, 1, 7, 11]
[17, 2, 3, 13]
[16, 1, 6, 12]
[2, 20, 6, 7]
[2, 18, 3, 12]
[4, 9, 10, 12]
[17, 3, 7, 8]
[3, 20, 5, 7]
[3, 5, 21, 6]
[4, 20, 5, 6]
[3, 8, 10, 14]
[1, 17, 6, 11]
[6, 7, 8, 14]
[16, 3, 6, 10]
[18, 3, 6, 8]
[1, 8, 12, 14]
[1, 17, 8, 9]
[16, 2, 3, 14]
[2, 9, 10, 14]
[5, 7, 9, 14]
[5, 8, 9, 13]
[6, 8, 9, 13]
[16, 3, 7, 10]
[1, 9, 12, 14]
[17, 5, 6, 8]
[1, 6, 14, 15]
[3, 9, 10, 14]
[2, 4, 7, 23]
[7, 8, 10, 11]
[2, 20, 6, 8]
[3, 8, 11, 14]
[1, 17, 6, 12]
[1, 20, 6, 9]
[1, 21, 6, 8]
[17, 2, 8, 9]
[6, 8, 10, 12]
[3, 7, 11, 15]
[3, 6, 13, 14]
[16, 2, 8, 10]
[6, 7, 9, 14]
[16, 1, 7, 12]
[3, 7, 12, 14]
[1, 10, 12, 13]
[3, 19, 5, 9]
[7, 8, 9, 12]
[16, 1, 6, 13]
[3, 20, 6, 7]
[1, 19, 7, 9]
[6, 7, 11, 12]
[2, 5, 21, 8]
[2, 9, 11, 14]
[4, 20, 5, 7]
[1, 10, 11, 14]
[16, 2, 6, 12]
[2, 20, 5, 9]
[17, 3, 7, 9]
[1, 18, 5, 12]
[17, 2, 7, 10]
[17, 2, 3, 14]
[5, 8, 11, 12]
[6, 7, 10, 13]
[3, 20, 5, 8]
[16, 5, 7, 8]
[5, 9, 10, 12]
[18, 3, 5, 10]
[2, 3, 23, 8]
[16, 1, 5, 14]
[1, 3, 20, 12]
[2, 3, 7, 24]
[18, 5, 6, 7]
[2, 19, 7, 8]
[1, 8, 13, 14]
[1, 18, 8, 9]
[5, 8, 10, 13]
[17, 2, 6, 11]
[1, 3, 7, 25]
[2, 19, 7, 9]
[2, 20, 6, 9]
[17, 2, 5, 13]
[16, 1, 6, 14]
[3, 20, 5, 9]
[18, 5, 6, 8]
[3, 9, 11, 14]
[5, 8, 11, 13]
[4, 20, 6, 7]
[1, 9, 13, 14]
[16, 3, 6, 12]
[2, 20, 7, 8]
[1, 21, 7, 8]
[3, 21, 6, 7]
[2, 18, 8, 9]
[2, 8, 13, 14]
[1, 18, 6, 12]
[16, 3, 8, 10]
[3, 20, 6, 8]
[17, 3, 6, 11]
[6, 7, 10, 14]
[2, 3, 8, 24]
[3, 19, 5, 10]
[3, 19, 7, 8]
[17, 5, 7, 8]
[16, 1, 8, 12]
[1, 10, 12, 14]
[17, 2, 8, 10]
[6, 8, 10, 13]
[3, 4, 7, 23]
[17, 3, 8, 9]
[7, 8, 10, 12]
[3, 5, 21, 8]
[5, 8, 10, 14]
[6, 8, 11, 12]
[16, 5, 6, 10]
[2, 4, 23, 8]
[16, 2, 7, 12]
[17, 2, 7, 11]
[2, 10, 11, 14]
[4, 20, 5, 8]
[6, 8, 9, 14]
[5, 7, 11, 14]
[6, 9, 10, 12]
[17, 3, 7, 10]
[2, 5, 21, 9]
[17, 2, 6, 12]
[1, 6, 7, 23]
[18, 3, 8, 9]
[1, 20, 8, 9]
[6, 9, 11, 12]
[17, 2, 9, 10]
[2, 3, 19, 14]
[3, 20, 6, 9]
[6, 8, 10, 14]
[4, 20, 6, 8]
[17, 3, 7, 11]
[2, 3, 23, 10]
[18, 3, 5, 12]
[16, 3, 7, 12]
[2, 5, 7, 24]
[2, 19, 8, 9]
[3, 9, 12, 14]
[1, 6, 23, 8]
[20, 5, 6, 7]
[3, 20, 5, 10]
[17, 3, 8, 10]
[3, 20, 7, 8]
[7, 9, 10, 12]
[17, 3, 6, 12]
[2, 6, 7, 23]
[16, 2, 8, 12]
[3, 21, 6, 8]
[16, 5, 7, 10]
[16, 1, 7, 14]
[16, 2, 8, 13]
[20, 5, 6, 8]
[17, 3, 8, 11]
[6, 7, 12, 14]
[6, 8, 11, 14]
[3, 6, 7, 23]
[16, 3, 6, 14]
[18, 3, 6, 12]
[1, 17, 6, 15]
[1, 18, 8, 12]
[17, 2, 8, 12]
[16, 5, 6, 12]
[8, 9, 10, 12]
[2, 6, 23, 8]
[1, 21, 8, 9]
[1, 7, 23, 8]
[2, 20, 8, 9]
[16, 2, 18, 3]
[17, 3, 7, 12]
[2, 18, 9, 10]
[6, 9, 10, 14]
[16, 5, 8, 10]
[17, 2, 8, 13]
[16, 5, 7, 12]
[3, 20, 6, 11]
[8, 9, 10, 13]
[2, 7, 23, 8]
[6, 9, 11, 14]
[17, 3, 8, 12]
[6, 8, 12, 14]
[3, 6, 23, 8]
[3, 20, 8, 9]
[2, 20, 8, 10]
[5, 21, 6, 8]
[4, 6, 7, 23]
[4, 20, 6, 11]
[18, 5, 6, 12]
[20, 6, 7, 8]
[6, 9, 12, 14]
[3, 7, 23, 8]
[2, 23, 8, 10]
[17, 6, 8, 12]
[18, 5, 8, 12]
[1, 2, 3, 4, 5]
[1, 2, 3, 4, 6]
[1, 2, 3, 5, 6]
[1, 2, 3, 4, 7]
[1, 2, 3, 4, 8]
[1, 2, 3, 5, 7]
[1, 2, 3, 5, 8]
[1, 2, 3, 4, 9]
[1, 2, 4, 5, 7]
[1, 3, 4, 5, 6]
[1, 2, 3, 6, 7]
[1, 3, 4, 5, 7]
[2, 3, 4, 5, 6]
[1, 2, 3, 4, 10]
[1, 2, 4, 5, 8]
[1, 2, 4, 6, 7]
[1, 2, 3, 5, 9]
[1, 2, 3, 6, 8]
[1, 3, 4, 5, 8]
[1, 2, 3, 7, 8]
[2, 3, 4, 5, 7]
[1, 2, 3, 6, 9]
[1, 2, 4, 6, 8]
[1, 2, 5, 6, 7]
[1, 3, 4, 6, 7]
[1, 2, 3, 5, 10]
[1, 2, 3, 4, 11]
[1, 2, 4, 5, 10]
[1, 3, 4, 6, 8]
[2, 3, 4, 6, 7]
[1, 2, 4, 7, 8]
[1, 2, 3, 7, 9]
[1, 3, 5, 6, 7]
[2, 3, 4, 5, 8]
[1, 2, 3, 6, 10]
[1, 3, 5, 6, 8]
[1, 3, 4, 7, 8]
[2, 3, 5, 6, 7]
[1, 2, 4, 7, 9]
[1, 2, 3, 5, 12]
[1, 2, 3, 8, 9]
[2, 3, 4, 6, 8]
[1, 2, 3, 6, 11]
[1, 2, 5, 7, 8]
[1, 2, 3, 7, 10]
[1, 3, 4, 5, 10]
[1, 2, 3, 6, 12]
[1, 2, 3, 8, 10]
[1, 2, 6, 7, 8]
[1, 3, 5, 7, 8]
[2, 3, 4, 5, 10]
[1, 3, 4, 7, 9]
[2, 3, 5, 6, 8]
[1, 2, 3, 7, 11]
[2, 3, 4, 7, 8]
[1, 2, 5, 8, 9]
[1, 2, 3, 9, 10]
[1, 3, 6, 7, 8]
[2, 3, 5, 7, 8]
[1, 2, 3, 7, 12]
[3, 4, 5, 6, 7]
[1, 3, 5, 7, 9]
[1, 3, 4, 7, 10]
[1, 3, 5, 6, 10]
[1, 2, 6, 7, 9]
[1, 3, 5, 7, 10]
[2, 3, 5, 7, 9]
[1, 2, 3, 8, 12]
[1, 2, 6, 8, 9]
[2, 3, 6, 7, 8]
[1, 2, 5, 8, 10]
[1, 3, 6, 7, 9]
[1, 3, 5, 8, 9]
[1, 3, 4, 7, 12]
[1, 2, 3, 9, 12]
[1, 3, 6, 8, 9]
[2, 3, 5, 7, 10]
[2, 3, 4, 7, 11]
[2, 3, 6, 7, 9]
[2, 3, 5, 8, 9]
[1, 3, 5, 7, 11]
[1, 3, 5, 9, 10]
[1, 3, 6, 7, 11]
[2, 3, 5, 8, 10]
[1, 3, 5, 7, 12]
[2, 3, 6, 7, 10]
[2, 3, 5, 7, 11]
[1, 3, 6, 7, 12]
[2, 3, 5, 8, 11]
[2, 3, 5, 9, 10]
[1, 3, 6, 8, 12]
[1, 6, 7, 8, 9]
[2, 3, 8, 9, 10]
[2, 3, 7, 10, 11]
[3, 5, 6, 7, 12]
