总共有数据：2000条
最小相对支持度：0.15    最小绝对支持度：300
频繁项集共有：116 条，如下：
[1]
[2]
[3]
[4]
[5]
[6]
[7]
[8]
[9]
[10]
[11]
[12]
[13]
[14]
[15]
[16]
[17]
[18]
[19]
[20]
[21]
[22]
[23]
[24]
[25]
[26]
[27]
[28]
[29]
[30]
[31]
[1, 2]
[1, 3]
[1, 4]
[2, 3]
[1, 5]
[2, 4]
[1, 6]
[2, 5]
[3, 4]
[1, 7]
[2, 6]
[3, 5]
[1, 8]
[2, 7]
[3, 6]
[4, 5]
[1, 9]
[2, 8]
[3, 7]
[4, 6]
[1, 10]
[2, 9]
[3, 8]
[4, 7]
[5, 6]
[1, 11]
[2, 10]
[3, 9]
[4, 8]
[5, 7]
[1, 12]
[2, 11]
[3, 10]
[4, 9]
[5, 8]
[6, 7]
[1, 13]
[2, 12]
[3, 11]
[4, 10]
[5, 9]
[6, 8]
[1, 14]
[2, 13]
[3, 12]
[4, 11]
[5, 10]
[6, 9]
[7, 8]
[1, 15]
[2, 14]
[3, 13]
[4, 12]
[5, 11]
[6, 10]
[7, 9]
[16, 1]
[3, 14]
[4, 13]
[5, 12]
[6, 11]
[7, 10]
[8, 9]
[1, 17]
[3, 15]
[5, 13]
[6, 12]
[7, 11]
[8, 10]
[5, 14]
[17, 2]
[1, 18]
[16, 3]
[6, 13]
[7, 12]
[8, 11]
[9, 10]
[17, 3]
[6, 14]
[8, 12]
[9, 11]
[8, 13]
[9, 12]
[10, 12]
[1, 2, 3]
