总共有数据：2000条
最小相对支持度：0.1    最小绝对支持度：200
频繁项集共有：383 条，如下：
[1]
[2]
[3]
[4]
[5]
[6]
[7]
[8]
[9]
[10]
[11]
[12]
[13]
[14]
[15]
[16]
[17]
[18]
[19]
[20]
[21]
[22]
[23]
[24]
[25]
[26]
[27]
[28]
[29]
[30]
[31]
[32]
[33]
[34]
[35]
[36]
[37]
[38]
[39]
[1, 2]
[1, 3]
[1, 4]
[2, 3]
[1, 5]
[2, 4]
[1, 6]
[2, 5]
[3, 4]
[1, 7]
[2, 6]
[3, 5]
[1, 8]
[2, 7]
[3, 6]
[4, 5]
[1, 9]
[2, 8]
[3, 7]
[4, 6]
[2, 9]
[1, 10]
[3, 8]
[4, 7]
[5, 6]
[4, 8]
[1, 11]
[2, 10]
[3, 9]
[5, 7]
[2, 11]
[1, 12]
[3, 10]
[4, 9]
[5, 8]
[6, 7]
[1, 13]
[2, 12]
[3, 11]
[4, 10]
[5, 9]
[6, 8]
[2, 13]
[1, 14]
[3, 12]
[4, 11]
[5, 10]
[6, 9]
[7, 8]
[7, 9]
[1, 15]
[2, 14]
[3, 13]
[4, 12]
[5, 11]
[6, 10]
[2, 15]
[16, 1]
[3, 14]
[4, 13]
[5, 12]
[6, 11]
[7, 10]
[8, 9]
[4, 14]
[16, 2]
[1, 17]
[3, 15]
[5, 13]
[6, 12]
[7, 11]
[8, 10]
[4, 15]
[17, 2]
[1, 18]
[16, 3]
[5, 14]
[6, 13]
[7, 12]
[8, 11]
[9, 10]
[5, 15]
[16, 4]
[1, 19]
[2, 18]
[17, 3]
[6, 14]
[9, 11]
[7, 13]
[8, 12]
[2, 19]
[1, 20]
[18, 3]
[8, 13]
[17, 4]
[16, 5]
[6, 15]
[10, 11]
[7, 14]
[9, 12]
[2, 20]
[1, 21]
[9, 13]
[3, 19]
[18, 4]
[17, 5]
[10, 12]
[16, 6]
[8, 14]
[7, 15]
[3, 20]
[8, 15]
[1, 22]
[9, 14]
[2, 21]
[11, 12]
[19, 4]
[18, 5]
[17, 6]
[16, 7]
[10, 13]
[4, 20]
[1, 23]
[2, 22]
[3, 21]
[19, 5]
[10, 14]
[18, 6]
[16, 8]
[9, 15]
[11, 13]
[17, 7]
[11, 14]
[1, 24]
[4, 21]
[18, 7]
[16, 9]
[12, 13]
[2, 23]
[3, 22]
[20, 5]
[10, 15]
[19, 6]
[17, 8]
[5, 21]
[18, 8]
[3, 23]
[1, 25]
[2, 24]
[17, 9]
[16, 10]
[11, 15]
[4, 22]
[20, 6]
[12, 14]
[19, 7]
[20, 7]
[1, 26]
[18, 9]
[17, 10]
[12, 15]
[2, 25]
[3, 24]
[4, 23]
[5, 22]
[21, 6]
[19, 8]
[16, 11]
[13, 14]
[4, 24]
[17, 11]
[20, 8]
[2, 26]
[16, 12]
[3, 25]
[5, 23]
[19, 9]
[18, 10]
[6, 22]
[21, 7]
[13, 15]
[19, 10]
[17, 12]
[3, 26]
[18, 11]
[5, 24]
[20, 9]
[6, 23]
[16, 13]
[21, 8]
[14, 15]
[6, 24]
[17, 13]
[3, 27]
[16, 14]
[18, 12]
[7, 23]
[22, 8]
[21, 9]
[20, 10]
[20, 11]
[23, 8]
[3, 29]
[7, 25]
[23, 9]
[21, 11]
[20, 12]
[21, 12]
[8, 25]
[1, 2, 3]
[1, 2, 4]
[1, 2, 5]
[1, 3, 4]
[1, 2, 6]
[1, 3, 5]
[2, 3, 4]
[1, 2, 7]
[1, 3, 6]
[1, 4, 5]
[2, 3, 5]
[2, 3, 6]
[2, 4, 5]
[1, 2, 8]
[1, 3, 7]
[1, 4, 6]
[1, 5, 6]
[2, 4, 6]
[2, 3, 7]
[1, 2, 9]
[1, 3, 8]
[3, 4, 5]
[1, 4, 7]
[1, 5, 7]
[3, 4, 6]
[2, 4, 7]
[2, 5, 6]
[2, 3, 8]
[1, 4, 8]
[1, 2, 10]
[1, 3, 9]
[1, 4, 9]
[2, 4, 8]
[1, 5, 8]
[1, 6, 7]
[3, 4, 7]
[2, 5, 7]
[2, 3, 9]
[1, 3, 10]
[1, 2, 11]
[3, 5, 6]
[1, 4, 10]
[1, 3, 11]
[2, 5, 8]
[4, 5, 6]
[2, 6, 7]
[1, 2, 12]
[2, 4, 9]
[1, 6, 8]
[1, 5, 9]
[2, 3, 10]
[3, 5, 7]
[3, 4, 8]
[2, 3, 11]
[3, 5, 8]
[2, 4, 10]
[1, 7, 8]
[4, 5, 7]
[1, 6, 9]
[2, 5, 9]
[3, 4, 9]
[2, 6, 8]
[3, 6, 7]
[1, 4, 11]
[1, 2, 13]
[1, 3, 12]
[1, 5, 10]
[4, 5, 8]
[4, 6, 7]
[2, 5, 10]
[1, 2, 14]
[2, 3, 12]
[2, 7, 8]
[2, 4, 11]
[3, 4, 10]
[2, 6, 9]
[1, 5, 11]
[1, 7, 9]
[1, 6, 10]
[3, 6, 8]
[3, 5, 9]
[2, 7, 9]
[2, 5, 11]
[1, 3, 14]
[3, 4, 11]
[3, 6, 9]
[5, 6, 7]
[2, 3, 13]
[3, 5, 10]
[4, 6, 8]
[1, 7, 10]
[2, 6, 10]
[1, 8, 9]
[1, 6, 11]
[3, 7, 8]
[1, 5, 12]
[2, 6, 11]
[4, 7, 8]
[3, 5, 11]
[3, 7, 9]
[1, 7, 11]
[4, 5, 10]
[2, 7, 10]
[1, 6, 12]
[3, 6, 10]
[2, 4, 13]
[2, 3, 14]
[2, 8, 9]
[5, 6, 8]
[3, 5, 12]
[1, 7, 12]
[5, 7, 8]
[1, 6, 13]
[2, 7, 11]
[2, 8, 10]
[2, 5, 13]
[4, 7, 9]
[1, 9, 10]
[3, 8, 9]
[3, 6, 11]
[3, 7, 10]
[1, 8, 12]
[3, 7, 11]
[6, 7, 8]
[2, 9, 10]
[3, 8, 10]
[1, 6, 14]
[3, 6, 12]
[5, 8, 9]
[6, 7, 9]
[3, 8, 11]
[3, 7, 12]
[2, 8, 13]
[5, 8, 10]
[6, 8, 9]
